Variation,Regeneration,Train_input,Train_output,Test_input,Test_output,Test_wrong1,Test_wrong2,Full#1,Full#2,Full#3,MCResponse#1,MCResponse#2,MCResponse#3
0,0,0,X,0,X,Y,0,"(2) Orientation of objects

The left-to-right transformation on top of the puzzle involves a change in the orientation of the object. In the left image, the dog is standing on its feet, while in the right image, the dog is upside down. This change in orientation is a characteristic of the transformation.

Step-by-step reasoning:

1. The left image shows a dog standing on its feet.
2. The right image shows the same dog, but it is upside down.
3. The transformation involves a change in the orientation of the dog, which is a characteristic of rule (2) Orientation of objects.</s>","(2) Objects flip upside down

The transformation in the top of the puzzle involves objects flipping upside down. In the left image, the dog is standing on its feet, while in the right image, the dog is upside down. This change in orientation is a characteristic of the transformation.

Step-by-step reasoning:

1. The left image shows a dog standing on its feet.
2. The right image shows the same dog, but it is upside down.
3. The transformation involves objects flipping upside down, which is a characteristic of rule (2) Objects flip upside down.</s>","(B)

The left-to-right transformation on the bottom of the puzzle marked by (B) is the same as the left-to-right transformation on the top of the puzzle. Both transformations involve objects flipping upside down.

Step-by-step reasoning:

1. The left image of the bottom transformation shows a dog standing on its feet.
2. The right image of the bottom transformation shows the same dog, but it is upside down.
3. The transformation on the bottom marked by (B) involves objects flipping upside down, which is the same as the transformation on the top of the puzzle.</s>",1,1.0,1
0,1,0,X,0,X,Y,0,"(2) Orientation of objects

The left-to-right transformation on top of the puzzle involves a change in the orientation of the object. In the left image, the dog is standing on its feet, while in the right image, the dog is upside down. This change in orientation indicates that the transformation is related to the orientation of the objects rather than the number, size, or color of the objects.

Step-by-step reasoning:

1. The left image shows a dog standing on its feet.
2. The right image shows the same dog, but it is upside down.
3. The transformation involves a change in the orientation of the dog, which is the defining characteristic of rule (2) Orientation of objects.</s>","(1) Objects flip upside down

The transformation in the top of the puzzle involves the dog flipping upside down. This change in orientation indicates that the transformation is related to the objects flipping upside down, which is the defining characteristic of rule (1) Objects flip upside down.

Step-by-step reasoning:

1. The left image shows a dog standing on its feet.
2. The right image shows the same dog, but it is upside down.
3. The transformation involves the dog flipping upside down, which is the defining characteristic of rule (1) Objects flip upside down.</s>","(A)

The left-to-right transformation on the bottom of the puzzle marked by (A) is the same as the left-to-right transformation on the top of the puzzle. Both transformations involve the dog flipping upside down.

Step-by-step reasoning:

1. The left image shows a dog standing on its feet.
2. The right image shows the same dog, but it is upside down.
3. The transformation marked by (A) on the bottom of the puzzle involves the dog flipping upside down, which is the same as the transformation on the top of the puzzle.</s>",1,1.0,0
0,2,0,X,0,X,Y,0,"(2) Orientation of objects

The left-to-right transformation on top of the puzzle involves a change in the orientation of the object. In the left image, the dog is standing on its feet, while in the right image, the dog is upside down. This change in orientation is a characteristic of the transformation.

Step-by-step reasoning:

1. The left image shows a dog standing on its feet.
2. The right image shows the same dog, but it is upside down.
3. The transformation involves a change in the orientation of the dog, which is a characteristic of rule (2) Orientation of objects.</s>","(1) Objects flip upside down

The transformation in the top of the puzzle involves objects flipping upside down. In the left image, the dog is standing on its feet, while in the right image, the dog is upside down. This change in orientation is a characteristic of the transformation.

Step-by-step reasoning:

1. The left image shows a dog standing on its feet.
2. The right image shows the same dog, but it is upside down.
3. The transformation involves objects flipping upside down, which is a characteristic of rule (1) Objects flip upside down.</s>","(A)

The left-to-right transformation on the bottom of the puzzle marked by (A) is the same as the left-to-right transformation on the top of the puzzle. Both transformations involve objects flipping upside down.

Step-by-step reasoning:

1. The left image shows a dog standing on its feet.
2. The right image shows the same dog, but it is upside down.
3. The transformation marked by (A) on the bottom of the puzzle involves the same change in orientation as the transformation on the top of the puzzle.
4. The transformation marked by (B) on the bottom of the puzzle involves a change in size, while the transformation marked by (C) on the bottom of the puzzle involves a change in color.
5. None of the other transformations match the characteristic of objects flipping upside down.
6. Therefore, the correct answer is (A).</s>",1,1.0,0
1,0,0,X,0,X,Y,0,"(2) Orientation of objects

The left-to-right transformation on top of the puzzle involves a change in the orientation of the object. In the left picture, the object is facing upwards, while in the right picture, it is facing downwards. This change in orientation is a characteristic of the transformation on top.

Step-by-step reasoning:

1. The left picture shows an object facing upwards.
2. The right picture shows the same object facing downwards.
3. The transformation involves a change in the orientation of the object.
4. The transformation does not involve changes in size, color, or number of objects.

Therefore, the correct rule is (2) Orientation of objects.</s>","(1) Objects flip upside down

The left-to-right transformation on top of the puzzle involves objects flipping upside down. In the left picture, the object is facing upwards, while in the right picture, it is facing downwards. This change in orientation is a characteristic of the transformation on top.

Step-by-step reasoning:

1. The left picture shows an object facing upwards.
2. The right picture shows the same object facing downwards.
3. The transformation involves objects flipping upside down.
4. The transformation does not involve changes in size, color, or number of objects.

Therefore, the correct rule is (1) Objects flip upside down.</s>","(A)

The left-to-right transformation on the bottom of the puzzle marked by (A) is the same as the left-to-right transformation on the top of the puzzle. Both transformations involve objects flipping upside down.

Step-by-step reasoning:

1. The left picture on the bottom shows an object facing upwards.
2. The right picture on the bottom shows the same object facing downwards.
3. The transformation on the bottom marked by (A) involves objects flipping upside down.
4. The transformation on the top of the puzzle also involves objects flipping upside down.

Therefore, the correct letter is (A).</s>",1,1.0,0
1,1,0,X,0,X,Y,0,"(2) Number of objects

The left-to-right transformation on top of the puzzle involves a change in the number of objects. In the left picture, there are two fans, while in the right picture, there are three fans. This change in the number of objects is the only transformation that occurs in the top row of the puzzle.

Step-by-step reasoning:

1. In the left picture, there are two fans.
2. In the right picture, there are three fans.
3. The transformation involves adding one fan to the scene, resulting in a change in the number of objects.

The other rules do not apply to this transformation, as there is no change in size, orientation, or color of the objects.</s>","[Skipped mcq#2, incorrect previous response]","(D) None of the options apply

There is no left-to-right transformation on the bottom of the puzzle that is the same as the left-to-right transformation on the top of the puzzle. The transformations on the bottom involve changes in size, orientation, or color, but not a change in the number of objects.

Step-by-step reasoning:

1. In the left picture on the bottom, there are three fries.
2. In the right picture on the bottom, there are four fries.
3. The transformation involves adding one fry to the scene, resulting in a change in the number of objects.

The transformations marked by (A), (B), or (C) do not involve a change in the number of objects, so none of them are the same as the left-to-right transformation on the top of the puzzle.</s>",0,,0
1,2,0,X,0,X,Y,0,"(2) Orientation of objects

The left-to-right transformation on top of the puzzle involves a change in the orientation of the object. In the left picture, the object is facing upwards, while in the right picture, it is facing downwards. This change in orientation is a characteristic of the transformation.

Step-by-step reasoning:

1. The left picture shows an object facing upwards.
2. The right picture shows the same object, but it is facing downwards.
3. The transformation involves a change in the orientation of the object, which is a characteristic of rule (2).

The transformations on the bottom of the puzzle involve changes in the number of objects, which is a characteristic of rule (3).</s>","(2) Objects flip upside down

The left-to-right transformation on top of the puzzle involves objects flipping upside down. In the left picture, the object is facing upwards, while in the right picture, it is facing downwards. This change in orientation is a characteristic of the transformation.

Step-by-step reasoning:

1. The left picture shows an object facing upwards.
2. The right picture shows the same object, but it is facing downwards.
3. The transformation involves objects flipping upside down, which is a characteristic of rule (2).

The transformations on the bottom of the puzzle involve changes in the number of objects, which is a characteristic of rule (3).</s>","(C)

The left-to-right transformation on the bottom of the puzzle marked by (C) is the same as the left-to-right transformation on the top of the puzzle. Both transformations involve objects flipping upside down.

Step-by-step reasoning:

1. The left picture on the bottom shows an object facing upwards.
2. The right picture on the bottom shows the same object, but it is facing downwards.
3. The transformation on the bottom marked by (C) involves objects flipping upside down, which is the same as the transformation on the top of the puzzle.

The transformations on the bottom of the puzzle marked by (A) and (B) involve changes in the number of objects, which is a characteristic of rule (3).</s>",1,1.0,0
2,0,0,X,0,X,Y,0,"(2) Color of objects

The left-to-right transformation on top of the puzzle involves a change in the color of the objects. In the left picture, the objects are brown, while in the right picture, the objects are white. This change in color indicates that the transformation is based on the color of the objects rather than their size, orientation, or number.

Step-by-step reasoning:

1. The left picture shows brown objects on top of a horse.
2. The right picture shows white objects on top of a horse.
3. The transformation involves a change in the color of the objects, from brown to white.
4. This change in color is the only difference between the left and right pictures, making it the most likely rule that applies to this transformation.</s>","[Skipped mcq#2, incorrect previous response]","(A)

The left-to-right transformation on the bottom of the puzzle marked by (A) is the same as the left-to-right transformation on the top of the puzzle. The transformation involves a change in the color of the objects, from brown to white.

Step-by-step reasoning:

1. The left picture shows brown objects on top of a horse.
2. The right picture shows white objects on top of a horse.
3. The transformation marked by (A) on the bottom of the puzzle involves a change in the color of the objects, from brown to white.
4. This change in color is the same as the transformation on the top of the puzzle, making it the correct answer.</s>",0,,0
2,1,0,X,0,X,Y,0,"(2) Orientation of objects

The left-to-right transformation on top of the puzzle involves a change in the orientation of the object. In the left picture, the object is upside down, while in the right picture, it is right side up. This change in orientation is a characteristic of the transformation.

Step-by-step reasoning:

1. In the left picture, the object is upside down.
2. In the right picture, the object is right side up.
3. The transformation involves a change in the orientation of the object.

Therefore, the correct rule is (2) Orientation of objects.</s>","(1) Objects flip upside down

The left-to-right transformation on top of the puzzle involves objects flipping upside down. In the left picture, the object is upside down, while in the right picture, it is right side up. This change in orientation is a characteristic of the transformation.

Step-by-step reasoning:

1. In the left picture, the object is upside down.
2. In the right picture, the object is right side up.
3. The transformation involves objects flipping upside down.

Therefore, the correct rule is (1) Objects flip upside down.</s>","(A)

The left-to-right transformation on the bottom of the puzzle marked by (A) is the same as the left-to-right transformation on the top of the puzzle. Both transformations involve objects flipping upside down.

Step-by-step reasoning:

1. In the left picture, the object is upside down.
2. In the right picture, the object is right side up.
3. The transformation marked by (A) on the bottom of the puzzle involves objects flipping upside down.
4. The left-to-right transformation on the top of the puzzle also involves objects flipping upside down.

Therefore, the correct letter is (A).</s>",1,1.0,1
2,2,0,X,0,X,Y,0,"(1) Orientation of objects

The left-to-right transformation on top of the puzzle involves a change in the orientation of the object. In the left picture, the object is facing one direction, and in the right picture, it is facing the opposite direction. This change in orientation is a characteristic of rule (1) Orientation of objects.

Step-by-step reasoning:

1. In the left picture, the object is facing one direction.
2. In the right picture, the object is facing the opposite direction.
3. This change in orientation is a characteristic of rule (1) Orientation of objects.</s>","(2) Objects flip sideways

The left-to-right transformation on top of the puzzle involves a change in the orientation of the object. In the left picture, the object is facing one direction, and in the right picture, it is facing the opposite direction. This change in orientation is a characteristic of rule (2) Objects flip sideways.

Step-by-step reasoning:

1. In the left picture, the object is facing one direction.
2. In the right picture, the object is facing the opposite direction.
3. This change in orientation is a characteristic of rule (2) Objects flip sideways.</s>","(A)

The left-to-right transformation on the bottom of the puzzle is the same as the left-to-right transformation on the top of the puzzle. Both transformations involve a change in the orientation of the object.

Step-by-step reasoning:

1. In the left picture, the object is facing one direction.
2. In the right picture, the object is facing the opposite direction.
3. This change in orientation is the same for both the top and bottom transformations.
4. The correct letter is (A).</s>",1,0.0,0
3,0,0,X,0,X,Y,0,"(2) Orientation of objects

The left-to-right transformation on top of the puzzle involves a change in the orientation of the objects. In the left picture, the objects are facing one direction, while in the right picture, they are facing the opposite direction. This change in orientation is a characteristic of the transformation.

Step-by-step reasoning:

1. In the left picture, the objects are facing one direction.
2. In the right picture, the objects are facing the opposite direction.
3. This change in orientation is a characteristic of the transformation.
4. The other rules (1) Color of objects, (3) Number of objects, and (4) No change between pictures) do not apply to this particular transformation.</s>","(3) No change between pictures

The transformation in the top of the puzzle involves no change between the pictures. The objects in the left picture are the same as the objects in the right picture, but they are simply rotated or flipped to create the illusion of a different object.

Step-by-step reasoning:

1. In the left picture, the objects are in a certain position.
2. In the right picture, the objects are in the same position but rotated or flipped.
3. This rotation or flip does not change the objects themselves, but only their appearance.
4. The other rules (1) Objects flip upside down, (2) Objects flip sideways) do not apply to this particular transformation.
5. The rule (4) Doesn't apply is incorrect, as the transformation does involve a change in the position of the objects.</s>","(C)

The left-to-right transformation on the bottom of the puzzle marked by (C) is the same as the left-to-right transformation on the top of the puzzle. Both transformations involve a change in the orientation of the objects.

Step-by-step reasoning:

1. In the left picture, the objects are facing one direction.
2. In the right picture, the objects are facing the opposite direction.
3. This change in orientation is a characteristic of both transformations.
4. The other transformations (A) and (B) involve changes in size, color, or number of objects, which do not match the characteristic of the top transformation.
5. The option (D) does not apply, as none of the transformations on the bottom of the puzzle match the top transformation.</s>",1,0.0,0
3,1,0,X,0,X,Y,0,"(1) Color of objects

The left-to-right transformation on top of the puzzle involves a change in the color of the objects. In the image, the object on the left is pink, while the object on the right is white. This change in color indicates that the transformation is related to the color of the objects.

Step-by-step reasoning:

1. The object on the left is pink, and the object on the right is white.
2. The transformation involves a change in the color of the objects.
3. The left-to-right transformation on top of the puzzle is related to the color of the objects.

Therefore, the correct rule is (1) Color of objects.</s>","[Skipped mcq#2, incorrect previous response]","(A)

The left-to-right transformation on the bottom of the puzzle that is the same as the left-to-right transformation on the top of the puzzle is (A).

Step-by-step reasoning:

1. The left-to-right transformation on the top of the puzzle involves a change in the color of the objects.
2. The left-to-right transformation on the bottom of the puzzle (A) also involves a change in the color of the objects.
3. The transformation on the bottom (A) is the same as the transformation on the top.

Therefore, the correct letter is (A).</s>",0,,0
3,2,0,X,0,X,Y,0,"(1) Color of objects

The left-to-right transformation on top of the puzzle involves a change in the color of the objects. In the image, the object on the left is pink, while the object on the right is white. This change in color indicates that the transformation is related to the color of the objects.

Step-by-step reasoning:

1. The object on the left is pink, and the object on the right is white.
2. The transformation involves a change in the color of the objects.
3. The left-to-right transformation on top of the puzzle is related to the color of the objects.

Therefore, the correct rule is (1) Color of objects.</s>","[Skipped mcq#2, incorrect previous response]","(A)

The left-to-right transformation on the bottom of the puzzle marked by (A) is the same as the left-to-right transformation on the top of the puzzle.

Step-by-step reasoning:

1. The left-to-right transformation on the top of the puzzle involves a change in the color of the objects.
2. The left-to-right transformation on the bottom of the puzzle marked by (A) also involves a change in the color of the objects.
3. The left-to-right transformation on the bottom of the puzzle marked by (A) is the same as the left-to-right transformation on the top of the puzzle.

Therefore, the correct letter is (A).</s>",0,,1
4,0,0,X,0,X,Y,0,"(2) Color of objects

Step-by-step reasoning:

1. The left-to-right transformation on top involves a change in the color of the objects. In the left picture, the objects are purple, while in the right picture, they are green.
2. The three left-to-right transformations on the bottom involve a change in the color of the objects as well. In the left picture, the objects are purple, while in the right picture, they are green.
3. The other rules do not apply, as there is no change in orientation, number, or size of the objects in the transformations.</s>","[Skipped mcq#2, incorrect previous response]","(C)

Step-by-step reasoning:

1. The left-to-right transformation on top involves a change in the color of the objects. In the left picture, the objects are purple, while in the right picture, they are green.
2. The three left-to-right transformations on the bottom involve a change in the color of the objects as well. In the left picture, the objects are purple, while in the right picture, they are green.
3. The transformation marked by (C) is the same as the left-to-right transformation on the top of the puzzle.
4. The other transformations (A) and (B) involve different changes in the objects, such as orientation or size, which do not match the transformation on the top.</s>",0,,0
4,1,0,X,0,X,Y,0,"(1) Color of objects

The left-to-right transformation on top of the puzzle involves a change in the color of the objects. In the image, there are two objects, one on the top and one on the bottom. The top object is transformed from a brown object to a purple object, while the bottom object is transformed from a purple object to a brown object. This change in color indicates that the rule (1) applies to the transformation on top.

Step-by-step reasoning:

1. The top object is brown in the left picture.
2. The top object is purple in the right picture.
3. The bottom object is purple in the left picture.
4. The bottom object is brown in the right picture.

These transformations show a change in color, which is the rule (1) for the left-to-right transformation on top of the puzzle.</s>","[Skipped mcq#2, incorrect previous response]","(A)

The left-to-right transformation on the bottom of the puzzle marked by (A) is the same as the left-to-right transformation on the top of the puzzle. The transformation involves a change in color, which is the rule (1) for the left-to-right transformation on top of the puzzle.

Step-by-step reasoning:

1. The bottom object is purple in the left picture.
2. The bottom object is brown in the right picture.

This transformation shows a change in color, which is the rule (1) for the left-to-right transformation on the bottom of the puzzle marked by (A).</s>",0,,0
4,2,0,X,0,X,Y,0,"(1) Color of objects

The left-to-right transformation on top of the puzzle involves a change in the color of the objects. In the image, there are two objects, one on the top and one on the bottom. The top object is a purple grape, and the bottom object is a green grape. The transformation involves the purple grape changing to a green grape, which indicates a change in color.

Step-by-step reasoning:

1. The top object is a purple grape.
2. The bottom object is a green grape.
3. The transformation involves the purple grape changing to a green grape.
4. This change in color is a visual transformation that occurs from left to right.
5. The transformation does not involve changes in size, orientation, or number of objects.

Therefore, the correct rule is (1) Color of objects.</s>","[Skipped mcq#2, incorrect previous response]","(D) None of the options apply

There is no left-to-right transformation on the bottom of the puzzle that is the same as the left-to-right transformation on the top of the puzzle. The transformations on the bottom involve changes in size, orientation, or number of objects, but not a change in color.

Step-by-step reasoning:

1. The top object is a purple grape.
2. The bottom object is a green grape.
3. The transformation on the top involves a change in color.
4. The transformations on the bottom involve changes in size, orientation, or number of objects.
5. None of the transformations on the bottom are the same as the transformation on the top.

Therefore, the correct answer is (D) None of the options apply.</s>",0,,0
5,0,0,X,0,X,Y,0,"(1) Orientation of objects

The left-to-right transformation on top of the puzzle involves a change in the orientation of the object. In the left picture, the object is facing upwards, while in the right picture, it is facing downwards. This change in orientation is a characteristic of the transformation.

Step-by-step reasoning:

1. The object in the left picture is facing upwards.
2. The object in the right picture is facing downwards.
3. The transformation involves a change in the orientation of the object.
4. The left-to-right transformation on top of the puzzle is (1) Orientation of objects.</s>","(2) Objects flip upside down

The left-to-right transformation on top of the puzzle involves the objects flipping upside down. In the left picture, the object is facing upwards, while in the right picture, it is facing downwards. This change in orientation is a characteristic of the transformation.

Step-by-step reasoning:

1. The object in the left picture is facing upwards.
2. The object in the right picture is facing downwards.
3. The transformation involves the objects flipping upside down.
4. The left-to-right transformation on top of the puzzle is (2) Objects flip upside down.</s>","(A)

The left-to-right transformation on the bottom of the puzzle that is the same as the left-to-right transformation on the top of the puzzle is (A). The transformation involves the objects flipping upside down, which is the same as the transformation on the top of the puzzle.

Step-by-step reasoning:

1. The object in the left picture is facing upwards.
2. The object in the right picture is facing downwards.
3. The transformation involves the objects flipping upside down.
4. The left-to-right transformation on the bottom of the puzzle that is the same as the left-to-right transformation on the top of the puzzle is (A).</s>",1,1.0,0
5,1,0,X,0,X,Y,0,"(1) Size of objects

The left-to-right transformation on top of the puzzle involves a change in the size of the objects. In the image, the top left object is larger than the top right object. This change in size is consistent with the rule (1) that states the size of objects is transformed from left to right.

Step-by-step reasoning:

1. The top left object is larger than the top right object.
2. The top left object is transformed into the top right object, which is smaller in size.
3. The transformation involves a change in the size of the objects, which is consistent with rule (1).</s>","[Skipped mcq#2, incorrect previous response]","(A)

The left-to-right transformation on the bottom of the puzzle marked by (A) is the same as the left-to-right transformation on the top of the puzzle. The transformation involves a change in the size of the objects, which is consistent with the rule (1) that states the size of objects is transformed from left to right.

Step-by-step reasoning:

1. The bottom left object is larger than the bottom right object.
2. The bottom left object is transformed into the bottom right object, which is smaller in size.
3. The transformation involves a change in the size of the objects, which is consistent with rule (1).</s>",0,,0
5,2,0,X,0,X,Y,0,"(2) Size of objects

The left-to-right transformation on top of the puzzle involves a change in the size of the objects. In the image, the top object is a piece of bread, and the bottom object is a mouse. The top object is larger than the bottom object. The transformation from left to right involves the bread getting smaller, while the mouse remains the same size. This change in size is a characteristic of the transformation in the puzzle.

Step-by-step reasoning:

1. The left image shows a large piece of bread and a small mouse.
2. The middle image shows a smaller piece of bread and the same small mouse.
3. The right image shows a smaller piece of bread and the same small mouse.

The transformation in the puzzle is a change in the size of the objects, with the bread getting smaller and the mouse remaining the same size.</s>","[Skipped mcq#2, incorrect previous response]","(A)

The left-to-right transformation on the bottom of the puzzle that is the same as the left-to-right transformation on the top of the puzzle is the one marked by (A). The transformation involves a change in the size of the objects, with the bread getting smaller and the mouse remaining the same size.

Step-by-step reasoning:

1. The left image shows a large piece of bread and a small mouse.
2. The middle image shows a smaller piece of bread and the same small mouse.
3. The right image shows a smaller piece of bread and the same small mouse.

The transformation in the puzzle is a change in the size of the objects, with the bread getting smaller and the mouse remaining the same size.</s>",0,,1
6,0,0,X,0,X,Y,0,"(1) Orientation of objects

The left-to-right transformation on top of the puzzle involves a change in the orientation of the object. In the image, the object is initially upside down, and it is flipped over to the right side. This change in orientation is a characteristic of rule (1) Orientation of objects.

Step-by-step reasoning:

1. The object is initially upside down.
2. The object is flipped over to the right side.
3. The object is now in its correct orientation.</s>","(2) Objects flip upside down

The left-to-right transformation on top of the puzzle involves objects flipping upside down. In the image, the object is initially upside down, and it is flipped over to the right side. This change in orientation is a characteristic of rule (2) Objects flip upside down.

Step-by-step reasoning:

1. The object is initially upside down.
2. The object is flipped over to the right side.
3. The object is now in its correct orientation.</s>","(A)

The left-to-right transformation on the bottom of the puzzle marked by (A) is the same as the left-to-right transformation on the top of the puzzle. Both transformations involve objects flipping upside down.

Step-by-step reasoning:

1. The object is initially upside down.
2. The object is flipped over to the right side.
3. The object is now in its correct orientation.</s>",1,1.0,0
6,1,0,X,0,X,Y,0,"(3) Orientation of objects

Step-by-step reasoning:

1. The left-to-right transformation on top involves a change in the orientation of the object. In the left picture, the object is upside down, while in the right picture, it is right side up. This change in orientation is a transformation of the object's orientation.

2. The three left-to-right transformations of the different object on the bottom involve changes in size, orientation, and color. These transformations do not involve a change in the number of objects.

3. The other rules do not apply to the given puzzle, as there is no change in color between the pictures, and the number of objects remains the same throughout the transformation.</s>","(1) Objects flip upside down

Step-by-step reasoning:

1. The left-to-right transformation on top involves a change in the orientation of the object. In the left picture, the object is upside down, while in the right picture, it is right side up. This change in orientation is a transformation of the object's orientation.

2. The other rules do not apply to the given puzzle, as there is no change in size, sideways flipping, or color between the pictures.</s>","(C)

Step-by-step reasoning:

1. The three left-to-right transformations of the different object on the bottom involve changes in size, orientation, and color.

2. The left-to-right transformation on top involves a change in the orientation of the object. In the left picture, the object is upside down, while in the right picture, it is right side up.

3. The transformation on the bottom marked by (C) also involves a change in the orientation of the object. In the left picture, the object is upside down, while in the right picture, it is right side up. This change in orientation is the same as the transformation on top.

4. The other transformations on the bottom do not involve a change in orientation, so they are not the same as the transformation on top.</s>",1,1.0,1
6,2,0,X,0,X,Y,0,"(2) Color of objects

Step-by-step reasoning:

1. The left-to-right transformation on top involves a change in the color of the object. In the left picture, the object is black and white, while in the right picture, the object is black and yellow.
2. The three left-to-right transformations on the bottom involve a change in the color of the object. In the left picture, the object is black and white, while in the right picture, the object is black and yellow.
3. The other rules do not apply, as there is no change in size, orientation, or number of objects in the puzzle.</s>","[Skipped mcq#2, incorrect previous response]","(C)

Step-by-step reasoning:

1. The left-to-right transformation on top involves a change in the color of the object. In the left picture, the object is black and white, while in the right picture, the object is black and yellow.
2. The three left-to-right transformations on the bottom involve a change in the color of the object. In the left picture, the object is black and white, while in the right picture, the object is black and yellow.
3. The transformation marked by (C) is the same as the left-to-right transformation on the top of the puzzle.
4. The other two transformations (marked by (A) and (B)) involve changes in the size or orientation of the object, which do not match the transformation on top.</s>",0,,1
7,0,0,X,0,X,Y,0,"(2) Size of objects

The left-to-right transformation on top of the puzzle involves a change in the size of the objects. In the image, the strawberry is initially small, and it grows in size as it moves to the right. This change in size is a characteristic of the transformation on top.

Step-by-step reasoning:

1. The strawberry in the left picture is small.
2. The strawberry in the middle picture is larger.
3. The strawberry in the right picture is even larger.

This transformation demonstrates a change in the size of the objects, which is the characteristic of rule (2) ""Size of objects.""</s>","[Skipped mcq#2, incorrect previous response]","(A)

The left-to-right transformation on the bottom of the puzzle that is the same as the one on the top is the one marked by (A). The transformation involves a change in the size of the objects, which is the characteristic of the transformation on top.

Step-by-step reasoning:

1. The strawberry in the left picture is small.
2. The strawberry in the middle picture is larger.
3. The strawberry in the right picture is even larger.

This transformation demonstrates a change in the size of the objects, which is the characteristic of the transformation on the bottom marked by (A).</s>",0,,0
7,1,0,X,0,X,Y,0,"(2) Color of objects

The left-to-right transformation on top of the puzzle involves a change in the color of the objects. In the image, the strawberries are initially red, and they change to yellow in the right-side picture. This transformation follows the rule (2) Color of objects, which states that the color of the objects changes from one picture to the next.

Step-by-step reasoning:

1. The left-side picture shows red strawberries in a yellow box.
2. The right-side picture shows yellow strawberries in a yellow box.
3. The color of the strawberries changes from red to yellow, which is a transformation of the color of the objects.

This transformation is consistent with the rule (2) Color of objects, as it involves a change in the color of the objects from one picture to the next.</s>","[Skipped mcq#2, incorrect previous response]","(A)

The left-to-right transformation on the bottom of the puzzle that is the same as the left-to-right transformation on the top of the puzzle is the one marked by (A).

Step-by-step reasoning:

1. The left-side picture shows red strawberries in a yellow box.
2. The right-side picture shows yellow strawberries in a yellow box.
3. The transformation on the bottom of the puzzle marked by (A) involves a change in the color of the strawberries from red to yellow, which is the same as the transformation on the top of the puzzle.

This transformation is consistent with the rule (2) Color of objects, as it involves a change in the color of the objects from one picture to the next.</s>",0,,0
7,2,0,X,0,X,Y,0,"(1) Color of objects

The left-to-right transformation on top of the puzzle involves a change in the color of the objects. In the image, the strawberries are initially red, and they change to yellow in the right-side picture. This transformation follows the rule (1) of color change.

Step-by-step reasoning:

1. The left-side picture shows red strawberries in a yellow box.
2. The right-side picture shows yellow strawberries in a yellow box.
3. The transformation involves a change in the color of the strawberries from red to yellow.

The transformations on the bottom of the puzzle involve changes in the size, orientation, and number of objects. These transformations do not follow the rule (1) of color change.</s>","[Skipped mcq#2, incorrect previous response]","(A)

The left-to-right transformation on the bottom of the puzzle that is the same as the one on the top is the one marked by (A). The transformation involves a change in the color of the objects, which is the same as the transformation on the top.

Step-by-step reasoning:

1. The left-side picture shows red strawberries in a yellow box.
2. The right-side picture shows yellow strawberries in a yellow box.
3. The transformation on the bottom marked by (A) involves a change in the color of the strawberries from red to yellow.

The transformations marked by (B) and (C) do not involve a change in color, so they do not match the transformation on the top.</s>",0,,0
8,0,0,X,0,X,Y,0,"(2) Orientation of objects

The left-to-right transformation on top of the puzzle involves a change in the orientation of the object. In the left picture, the object is upside down, while in the right picture, it is right side up. This change in orientation is a characteristic of the transformation in the top row.

Step-by-step reasoning:

1. In the left picture, the object is upside down.
2. In the right picture, the object is right side up.
3. The transformation involves a change in the orientation of the object.
4. The left-to-right transformation on top of the puzzle is the change in orientation of the object.</s>","(2) Objects flip upside down

The transformation in the top of the puzzle involves objects flipping upside down. In the left picture, the object is upside down, and in the right picture, it is right side up. This change in orientation is a characteristic of the transformation in the top row.

Step-by-step reasoning:

1. In the left picture, the object is upside down.
2. In the right picture, the object is right side up.
3. The transformation involves objects flipping upside down.
4. The transformation in the top of the puzzle is the change in orientation of the object.</s>","(D) None of the options apply

None of the three left-to-right object transformations on the bottom of the puzzle is the same as the left-to-right transformation on the top of the puzzle. Each of the three transformations on the bottom involves a change in the size, orientation, number, or color of the object, but not the same change as the top transformation.

Step-by-step reasoning:

1. The left-to-right transformation on the top involves objects flipping upside down.
2. The three left-to-right transformations on the bottom involve changes in size, orientation, number, or color of the object.
3. None of the three transformations on the bottom is the same as the transformation on the top.
4. The answer is (D) None of the options apply.</s>",1,1.0,0
8,1,0,X,0,X,Y,0,"(1) Orientation of objects

The left-to-right transformation on top of the puzzle involves a change in the orientation of the object. In the left picture, the object is upside down, while in the right picture, it is right side up. This change in orientation is a characteristic of rule (1) Orientation of objects.

Step-by-step reasoning:

1. In the left picture, the object is upside down.
2. In the right picture, the object is right side up.
3. The transformation involves a change in the orientation of the object, which is characteristic of rule (1) Orientation of objects.</s>","(2) Objects flip upside down

The left-to-right transformation on top of the puzzle involves a change in the orientation of the object. In the left picture, the object is upside down, while in the right picture, it is right side up. This change in orientation is a characteristic of rule (2) Objects flip upside down.

Step-by-step reasoning:

1. In the left picture, the object is upside down.
2. In the right picture, the object is right side up.
3. The transformation involves a change in the orientation of the object, which is characteristic of rule (2) Objects flip upside down.</s>","(A)

The left-to-right transformation on the bottom of the puzzle is the same as the left-to-right transformation on the top of the puzzle. Both transformations involve a change in the orientation of the object.

Step-by-step reasoning:

1. In the left picture, the object is upside down.
2. In the right picture, the object is right side up.
3. The transformation on the bottom (A) involves a change in the orientation of the object, which is the same as the transformation on the top.</s>",1,1.0,1
8,2,0,X,0,X,Y,0,"(2) Color of objects

Step-by-step reasoning:

1. The left-to-right transformation on top involves a change in the color of the object. In the left picture, the object is red and blue, while in the right picture, the object is red and black.
2. The three left-to-right transformations on the bottom involve a change in the color of the object. In the left picture, the object is brown, while in the right picture, the object is brown and white.</s>","[Skipped mcq#2, incorrect previous response]","(C)

Step-by-step reasoning:

1. The left-to-right transformation on top involves a change in the color of the object. In the left picture, the object is red and blue, while in the right picture, the object is red and black.
2. The three left-to-right transformations on the bottom involve a change in the color of the object. In the left picture, the object is brown, while in the right picture, the object is brown and white.
3. The transformation on the bottom marked with (C) involves a change in the color of the object, which is the same as the transformation on the top.</s>",0,,0
9,0,0,X,0,X,Y,0,"(1) Orientation of objects

The left-to-right transformation on top of the puzzle involves a change in the orientation of the object. In the image, the cup of coffee is initially placed upside down, and it is flipped over to the right side. This change in orientation is a characteristic of the transformation.

Step-by-step reasoning:

1. The cup of coffee is upside down on the left side.
2. The cup of coffee is flipped over to the right side.
3. The cup of coffee is now right-side up on the right side.</s>","(1) Objects flip upside down

The transformation in the top of the puzzle involves the cup of coffee flipping upside down. This change in orientation is a characteristic of the transformation.

Step-by-step reasoning:

1. The cup of coffee is upside down on the left side.
2. The cup of coffee is flipped over to the right side.
3. The cup of coffee is now upside down on the right side.</s>","(A)

The left-to-right transformation on the bottom of the puzzle marked by (A) is the same as the left-to-right transformation on the top of the puzzle. Both transformations involve the cup of coffee flipping upside down.

Step-by-step reasoning:

1. The cup of coffee is upside down on the left side.
2. The cup of coffee is flipped over to the right side.
3. The cup of coffee is now upside down on the right side.

The transformations marked by (B) and (C) do not involve the cup of coffee flipping upside down, so they do not match the transformation on the top of the puzzle.</s>",1,1.0,0
9,1,0,X,0,X,Y,0,"(2) Number of objects

The left-to-right transformation on top of the puzzle involves a change in the number of objects. In the left image, there is one object, while in the right image, there are two objects. This change in the number of objects is the only transformation that occurs in the top row of the puzzle.

Step-by-step reasoning:

1. In the left image, there is one object.
2. In the right image, there are two objects.
3. The transformation involves a change in the number of objects, which is rule (2).

The other rules do not apply to this transformation, as there is no change in color, orientation, or size between the two images.</s>","[Skipped mcq#2, incorrect previous response]","(A)

The left-to-right transformation on the bottom of the puzzle that is the same as the top transformation is the one marked by (A).

Step-by-step reasoning:

1. In the left image, there is one object.
2. In the right image, there are two objects.
3. The transformation on the bottom marked by (A) involves a change in the number of objects, which is the same as the transformation on the top.

The other two transformations on the bottom do not involve a change in the number of objects, so they do not match the top transformation.</s>",0,,0
9,2,0,X,0,X,Y,0,"(2) Number of objects

The left-to-right transformation on top of the puzzle involves a change in the number of objects. In the left image, there is one object, while in the right image, there are two objects. This change in the number of objects is the only transformation that occurs in the top row of the puzzle.

Step-by-step reasoning:

1. In the left image, there is one object.
2. In the right image, there are two objects.
3. The transformation involves a change in the number of objects from one to two.
4. This change in the number of objects is the only transformation that occurs in the top row of the puzzle.</s>","[Skipped mcq#2, incorrect previous response]","(A)

The left-to-right transformation on the bottom of the puzzle marked by (A) is the same as the left-to-right transformation on the top of the puzzle.

Step-by-step reasoning:

1. In the left image, there is one object.
2. In the right image, there are two objects.
3. The transformation on the top row involves a change in the number of objects from one to two.
4. The transformation on the bottom row marked by (A) also involves a change in the number of objects from one to two.
5. Therefore, the transformation on the bottom row marked by (A) is the same as the transformation on the top row.</s>",0,,1
10,0,0,X,0,X,Y,0,"(1) Orientation of objects

The left-to-right transformation on top of the puzzle involves a change in the orientation of the object. In the image, the gun is transformed into a chair, which is a change in orientation. The gun is pointing upwards in the left image, while the chair is pointing downwards in the right image. This demonstrates that the transformation involves a change in the orientation of the object.

Step-by-step reasoning:

1. The left image shows a gun pointing upwards.
2. The right image shows a chair pointing downwards.
3. The transformation involves a change in the orientation of the object.
4. The gun is transformed into a chair, which is a change in orientation.
5. The rule (1) Orientation of objects best describes the transformation.</s>","(2) Objects flip upside down

The left-to-right transformation on top of the puzzle involves objects flipping upside down. In the image, the gun is transformed into a chair, which is an upside-down flip. The gun is pointing upwards in the left image, while the chair is pointing downwards in the right image. This demonstrates that the transformation involves objects flipping upside down.

Step-by-step reasoning:

1. The left image shows a gun pointing upwards.
2. The right image shows a chair pointing downwards.
3. The transformation involves objects flipping upside down.
4. The gun is transformed into a chair, which is an upside-down flip.
5. The rule (2) Objects flip upside down best describes the transformation.</s>","(A)

The left-to-right transformation on the bottom of the puzzle marked by (A) is the same as the left-to-right transformation on the top of the puzzle. In the image, the airplane is transformed into a boat, which is an upside-down flip. The airplane is pointing upwards in the left image, while the boat is pointing downwards in the right image. This demonstrates that the transformation involves objects flipping upside down, which is the same as the transformation on the top of the puzzle.

Step-by-step reasoning:

1. The left image shows an airplane pointing upwards.
2. The right image shows a boat pointing downwards.
3. The transformation involves objects flipping upside down.
4. The airplane is transformed into a boat, which is an upside-down flip.
5. The transformation on the bottom marked by (A) is the same as the transformation on the top.</s>",1,1.0,0
10,1,0,X,0,X,Y,0,"(1) Orientation of objects

The left-to-right transformation on top of the puzzle involves a change in the orientation of the object. In the left picture, the gun is pointing upwards, while in the right picture, it is pointing downwards. This change in orientation indicates that the transformation is based on the orientation of the object, which is rule (1).

Step-by-step reasoning:

1. The left picture shows a gun pointing upwards.
2. The right picture shows the same gun, but it is pointing downwards.
3. This change in orientation is a transformation based on the orientation of the object, which is rule (1).</s>","(2) Objects flip sideways

The left-to-right transformation on top of the puzzle involves a change in the orientation of the object. In the left picture, the gun is pointing upwards, while in the right picture, it is pointing downwards. This change in orientation indicates that the transformation is based on the orientation of the object, which is rule (2).

Step-by-step reasoning:

1. The left picture shows a gun pointing upwards.
2. The right picture shows the same gun, but it is pointing downwards.
3. This change in orientation is a transformation based on the orientation of the object, which is rule (2).</s>","(A)

The left-to-right transformation on the bottom of the puzzle is the same as the left-to-right transformation on the top of the puzzle. Both transformations involve a change in the orientation of the object.

Step-by-step reasoning:

1. The left picture on the bottom shows a gun pointing upwards.
2. The right picture on the bottom shows the same gun, but it is pointing downwards.
3. This change in orientation is the same as the transformation on the top of the puzzle, which is rule (2).</s>",1,0.0,0
10,2,0,X,0,X,Y,0,"(1) Orientation of objects

The left-to-right transformation on top of the puzzle involves a change in the orientation of the object. In the image, the gun is transformed into a chair, which is a change in orientation. The gun is pointing upwards in the left image, while the chair is pointing downwards in the right image. This demonstrates that the transformation involves a change in the orientation of the object.

Step-by-step reasoning:

1. The left image shows a gun pointing upwards.
2. The right image shows a chair pointing downwards.
3. The transformation involves a change in the orientation of the object.
4. The gun is transformed into a chair, which is a change in orientation.
5. The rule (1) Orientation of objects best describes the transformation.</s>","(3) No change between pictures

The transformation in the top of the puzzle involves no change between the pictures. The gun remains a gun in both the left and right images, with no flipping or rotation. This demonstrates that the transformation does not involve any changes in orientation, size, or color.

Step-by-step reasoning:

1. The left image shows a gun pointing upwards.
2. The right image shows the same gun pointing upwards.
3. The transformation involves no change between the pictures.
4. The rule (3) No change between pictures best describes the transformation.</s>","(C)

The left-to-right transformation on the bottom of the puzzle marked by (C) is the same as the left-to-right transformation on the top of the puzzle. Both transformations involve a change in orientation, with the gun pointing upwards in the left image and the chair pointing downwards in the right image.

Step-by-step reasoning:

1. The left image shows a gun pointing upwards.
2. The right image shows a chair pointing downwards.
3. The transformation marked by (C) involves a change in orientation.
4. The transformation marked by (C) is the same as the transformation on the top of the puzzle.
5. The correct answer is (C).</s>",1,0.0,0
11,0,0,X,0,X,Y,0,"(2) Number of objects

The left-to-right transformation on top of the puzzle involves a change in the number of objects. In the left picture, there is one green hat, while in the right picture, there are two green hats. This change in the number of objects is consistent with rule (2) for the left-to-right transformation.

Step-by-step reasoning:

1. In the left picture, there is one green hat.
2. In the right picture, there are two green hats.
3. The transformation involves a change in the number of objects, which is consistent with rule (2).</s>","[Skipped mcq#2, incorrect previous response]","(C)

The left-to-right transformation on the bottom of the puzzle marked by (C) is the same as the left-to-right transformation on the top of the puzzle.

Step-by-step reasoning:

1. In the left picture, there is one green hat.
2. In the right picture, there are two green hats.
3. The transformation on the bottom marked by (C) involves a change in the number of objects, which is consistent with the transformation on the top.

Therefore, the correct answer is (C).</s>",0,,0
11,1,0,X,0,X,Y,0,"(2) Orientation of objects

The left-to-right transformation on top of the puzzle involves a change in the orientation of the objects. In the image, there are two green hats, one on the left and one on the right. The hat on the left is facing upwards, while the hat on the right is facing downwards. This change in orientation is a transformation that occurs from left to right in the puzzle.

Step-by-step reasoning:

1. The left hat is facing upwards.
2. The right hat is facing downwards.
3. The transformation involves changing the orientation of the hats from left to right.

This rule best describes the transformation on top of the puzzle, as it involves a change in the orientation of the objects.</s>","(1) Objects flip upside down

The transformation in the top of the puzzle involves objects flipping upside down. In the image, there are two green hats, one on the left and one on the right. The hat on the left is facing upwards, while the hat on the right is facing downwards. This change in orientation is a transformation that occurs from left to right in the puzzle.

Step-by-step reasoning:

1. The left hat is facing upwards.
2. The right hat is facing downwards.
3. The transformation involves flipping the hats upside down from left to right.

This rule best describes the transformation on top of the puzzle, as it involves flipping the objects upside down.</s>","(A)

The left-to-right transformation on the bottom of the puzzle that is the same as the left-to-right transformation on the top of the puzzle is (A). In the image, there are three objects on the bottom, marked by (A), (B), and (C). The transformation involves flipping the objects upside down from left to right.

Step-by-step reasoning:

1. The left object is facing upwards.
2. The right object is facing downwards.
3. The transformation involves flipping the objects upside down from left to right.

This rule best describes the transformation on the bottom of the puzzle, as it involves flipping the objects upside down, which is the same as the transformation on the top of the puzzle.</s>",1,1.0,0
11,2,0,X,0,X,Y,0,"(2) Orientation of objects

The left-to-right transformation on top of the puzzle involves a change in the orientation of the objects. In the image, the green hat is shown in two different orientations, one facing upwards and the other facing downwards. This change in orientation is a visual transformation that occurs from left to right.

Step-by-step reasoning:

1. The green hat is shown in an upward orientation on the left side of the puzzle.
2. The green hat is transformed to face downwards in the right side of the puzzle.
3. This change in orientation is a visual transformation that occurs from left to right.

The other rules do not apply to this particular transformation, as there is no change in color, size, or number of objects.</s>","(1) Objects flip upside down

The transformation in the top of the puzzle involves objects flipping upside down. In the image, the green hat is shown in two different orientations, one facing upwards and the other facing downwards. This change in orientation is a visual transformation that occurs from left to right.

Step-by-step reasoning:

1. The green hat is shown in an upward orientation on the left side of the puzzle.
2. The green hat is transformed to face downwards in the right side of the puzzle.
3. This change in orientation is a visual transformation that occurs from left to right.

The other rules do not apply to this particular transformation, as there is no change in size, color, or number of objects.</s>","(A)

The left-to-right transformation on the bottom of the puzzle that is the same as the left-to-right transformation on the top of the puzzle is the one marked by (A).

Step-by-step reasoning:

1. The green hat is shown in an upward orientation on the left side of the puzzle.
2. The green hat is transformed to face downwards in the right side of the puzzle.
3. This change in orientation is a visual transformation that occurs from left to right.

The other two transformations (marked by (B) and (C)) do not involve the same change in orientation as the top transformation.</s>",1,1.0,0
12,0,0,X,0,X,Y,0,"(2) Color of objects

The left-to-right transformation on top of the puzzle involves a change in the color of the objects. In the image, there are two cakes, one with red frosting and the other with white frosting. The red cake is on the left side, and the white cake is on the right side. This transformation demonstrates a change in the color of the objects, which is rule (2) - Color of objects.

Step-by-step reasoning:

1. The left cake has red frosting, while the right cake has white frosting.
2. The red cake is transformed into the white cake, which involves a change in the color of the objects.
3. The transformation occurs from left to right, as the red cake is replaced by the white cake.

This transformation is an example of rule (2) - Color of objects, which involves a change in the color of an object.</s>","[Skipped mcq#2, incorrect previous response]","(A)

The left-to-right transformation on the bottom of the puzzle that is the same as the left-to-right transformation on the top of the puzzle is the one marked by (A). The transformation involves a change in the color of the objects, which is the same as the transformation on the top of the puzzle.

Step-by-step reasoning:

1. The left cake has red frosting, while the right cake has white frosting.
2. The red cake is transformed into the white cake, which involves a change in the color of the objects.
3. The transformation occurs from left to right, as the red cake is replaced by the white cake.

This transformation is the same as the transformation on the bottom of the puzzle marked by (A), which also involves a change in the color of the objects.</s>",0,,0
12,1,0,X,0,X,Y,0,"(2) Orientation of objects

The left-to-right transformation on top of the puzzle involves a change in the orientation of the object. In the left picture, the object is facing upwards, while in the right picture, it is facing downwards. This change in orientation is a characteristic of the transformation in the top row of the puzzle.

Step-by-step reasoning:

1. The left picture shows an object facing upwards.
2. The right picture shows the same object facing downwards.
3. The transformation between the left and right pictures involves a change in the orientation of the object.
4. This change in orientation is a characteristic of the transformation in the top row of the puzzle.

Therefore, the correct rule is (2) Orientation of objects.</s>","(2) Objects flip upside down

The transformation in the top row of the puzzle involves objects flipping upside down. In the left picture, the object is facing upwards, while in the right picture, it is facing downwards. This change in orientation is a characteristic of the transformation in the top row of the puzzle.

Step-by-step reasoning:

1. The left picture shows an object facing upwards.
2. The right picture shows the same object facing downwards.
3. The transformation between the left and right pictures involves objects flipping upside down.
4. This change in orientation is a characteristic of the transformation in the top row of the puzzle.

Therefore, the correct rule is (2) Objects flip upside down.</s>","(B)

The left-to-right transformation on the bottom of the puzzle marked by (B) is the same as the left-to-right transformation on the top of the puzzle. Both transformations involve objects flipping upside down.

Step-by-step reasoning:

1. The left picture in the top row shows an object facing upwards.
2. The right picture in the top row shows the same object facing downwards.
3. The transformation in the top row involves objects flipping upside down.
4. The left picture in the bottom row shows an object facing upwards.
5. The right picture in the bottom row shows the same object facing downwards.
6. The transformation in the bottom row marked by (B) involves objects flipping upside down.

Therefore, the correct letter is (B).</s>",1,1.0,1
12,2,0,X,0,X,Y,0,"(2) Number of objects

The left-to-right transformation on top of the puzzle involves a change in the number of objects. In the left picture, there is one object, while in the right picture, there are two objects. This change in the number of objects is the only transformation that occurs in the top row of the puzzle.

Step-by-step reasoning:

1. In the left picture, there is one object.
2. In the right picture, there are two objects.
3. The transformation involves a change in the number of objects from one to two.
4. This change in the number of objects is the only transformation that occurs in the top row of the puzzle.</s>","[Skipped mcq#2, incorrect previous response]","(A)

The left-to-right transformation on the bottom of the puzzle marked by (A) is the same as the left-to-right transformation on the top of the puzzle. Both transformations involve a change in the number of objects.

Step-by-step reasoning:

1. In the left picture, there is one object.
2. In the right picture, there are two objects.
3. The transformation marked by (A) on the bottom also involves a change in the number of objects from one to two.
4. This change in the number of objects is the same as the transformation on the top of the puzzle.</s>",0,,1
13,0,0,X,0,X,Y,0,"(3) Orientation of objects

The left-to-right transformation on top of the puzzle involves a change in the orientation of the object. In the image, the duck is shown in different orientations, such as facing left, facing right, and facing upwards. This indicates that the transformation is related to the orientation of the object, rather than the number, size, or color of the object.

Step-by-step reasoning:

1. The image shows a duck in different orientations, such as facing left, facing right, and facing upwards.
2. The transformation involves a change in the orientation of the object, as the duck's position is altered from one picture to the next.
3. The other rules (1, 2, and 4) do not apply to this particular transformation, as the number of objects, size of objects, and no change between pictures do not accurately describe the transformation in this case.</s>","(2) Objects flip upside down

The transformation in the top of the puzzle involves the duck flipping upside down. In the image, the duck is shown in different orientations, such as facing left, facing right, and facing upwards. This indicates that the transformation is related to the duck flipping upside down, rather than the number, size, or color of the object.

Step-by-step reasoning:

1. The image shows a duck in different orientations, such as facing left, facing right, and facing upwards.
2. The transformation involves the duck flipping upside down, as it is shown in different orientations from one picture to the next.
3. The other rules (1, 3, and 4) do not accurately describe the transformation in this case.</s>","(C)

The left-to-right transformation on the bottom of the puzzle marked by (C) is the same as the left-to-right transformation on the top of the puzzle. Both transformations involve the duck flipping upside down.

Step-by-step reasoning:

1. The image shows a duck in different orientations, such as facing left, facing right, and facing upwards.
2. The transformation on the top of the puzzle involves the duck flipping upside down.
3. The transformation on the bottom of the puzzle marked by (C) also involves the duck flipping upside down.
4. The other transformations (A and B) do not involve the duck flipping upside down, so they do not match the transformation on the top of the puzzle.
5. Since none of the other options apply, the correct answer is (C).</s>",1,1.0,0
13,1,0,X,0,X,Y,0,"(2) Number of objects

The left-to-right transformation on top of the puzzle involves a change in the number of objects. In the left picture, there is one duck, while in the right picture, there are two ducks. This change in the number of objects is the only transformation that occurs in the top row of the puzzle.

Step-by-step reasoning:

1. In the left picture, there is one duck.
2. In the right picture, there are two ducks.
3. The transformation involves a change in the number of objects, which is the only transformation that occurs in the top row of the puzzle.</s>","[Skipped mcq#2, incorrect previous response]","(A)

The left-to-right transformation on the bottom of the puzzle marked by (A) is the same as the left-to-right transformation on the top of the puzzle. Both transformations involve a change in the number of objects.

Step-by-step reasoning:

1. In the left picture, there is one duck.
2. In the right picture, there are two ducks.
3. The transformation marked by (A) on the bottom of the puzzle involves a change in the number of objects, which is the same as the transformation on the top of the puzzle.</s>",0,,1
13,2,0,X,0,X,Y,0,"(2) Number of objects

The left-to-right transformation on top of the puzzle involves a change in the number of objects. In the left picture, there is one duck, while in the right picture, there are two ducks. This change in the number of objects is the only transformation that occurs in the top row of the puzzle.

Step-by-step reasoning:

1. In the left picture, there is one duck.
2. In the right picture, there are two ducks.
3. The transformation involves a change in the number of objects, which is the only transformation that occurs in the top row of the puzzle.</s>","[Skipped mcq#2, incorrect previous response]","(A)

The left-to-right transformation on the bottom of the puzzle marked by (A) is the same as the left-to-right transformation on the top of the puzzle. Both transformations involve a change in the number of objects.

Step-by-step reasoning:

1. In the left picture, there is one duck.
2. In the right picture, there are two ducks.
3. The transformation marked by (A) on the bottom of the puzzle involves a change in the number of objects, which is the same as the transformation on the top of the puzzle.</s>",0,,1
14,0,0,X,0,X,Y,0,"(2) Orientation of objects

The left-to-right transformation on top of the puzzle involves a change in the orientation of the object. In the left picture, the object is facing upwards, while in the right picture, it is facing downwards. This change in orientation is a characteristic of the transformation.

Step-by-step reasoning:

1. The object in the left picture is facing upwards.
2. The object in the right picture is facing downwards.
3. The transformation involves a change in the orientation of the object.
4. The left-to-right transformation on top of the puzzle is the change in orientation of the object.</s>","(2) Objects flip upside down

The transformation in the top of the puzzle involves objects flipping upside down. In the left picture, the object is facing upwards, while in the right picture, it is facing downwards. This change in orientation is a characteristic of the transformation.

Step-by-step reasoning:

1. The object in the left picture is facing upwards.
2. The object in the right picture is facing downwards.
3. The transformation involves objects flipping upside down.
4. The transformation in the top of the puzzle is the change in orientation of the object.</s>","(B)

The left-to-right transformation on the bottom of the puzzle marked by (B) is the same as the left-to-right transformation on the top of the puzzle. Both transformations involve objects flipping upside down.

Step-by-step reasoning:

1. The object in the left picture is facing upwards.
2. The object in the right picture is facing downwards.
3. The transformation on the bottom marked by (B) involves objects flipping upside down.
4. The transformation on the bottom marked by (B) is the same as the transformation on the top.</s>",1,1.0,0
14,1,0,X,0,X,Y,0,"(2) Number of objects

The left-to-right transformation on top of the puzzle involves a change in the number of objects. In the left picture, there are two objects, while in the right picture, there are three objects. This change in the number of objects is the only transformation that occurs in the top row of the puzzle.

Step-by-step reasoning:

1. In the left picture, there are two objects.
2. In the right picture, there are three objects.
3. The transformation involves a change in the number of objects from two to three.
4. This change in the number of objects is the only transformation that occurs in the top row of the puzzle.

Therefore, the correct rule is (2) Number of objects.</s>","[Skipped mcq#2, incorrect previous response]","(D) None of the options apply

There is no left-to-right transformation on the bottom of the puzzle that is the same as the left-to-right transformation on the top of the puzzle. Each of the three transformations on the bottom involves a change in the size, orientation, or color of the objects, but none of them is the same as the transformation on the top.

Step-by-step reasoning:

1. The left-to-right transformation on the top involves a change in the number of objects from two to three.
2. The three left-to-right transformations on the bottom involve changes in the size, orientation, or color of the objects.
3. None of the transformations on the bottom are the same as the transformation on the top.
4. Therefore, the correct answer is (D) None of the options apply.</s>",0,,0
14,2,0,X,0,X,Y,0,"(2) Orientation of objects

The left-to-right transformation on top of the puzzle involves a change in the orientation of the object. In the left picture, the object is facing upwards, while in the right picture, it is facing downwards. This change in orientation is a characteristic of the transformation in the top row.

Step-by-step reasoning:

1. In the left picture, the object is facing upwards.
2. In the right picture, the object is facing downwards.
3. The transformation involves a change in the orientation of the object.
4. The transformation does not involve changes in the number, size, or color of the object.</s>","(2) Objects flip upside down

The transformation in the top row involves objects flipping upside down. In the left picture, the object is facing upwards, while in the right picture, it is facing downwards. This change in orientation is a characteristic of the transformation in the top row.

Step-by-step reasoning:

1. In the left picture, the object is facing upwards.
2. In the right picture, the object is facing downwards.
3. The transformation involves objects flipping upside down.
4. The transformation does not involve changes in the number, size, or color of the object.</s>","(B)

The left-to-right transformation on the bottom row marked by (B) is the same as the left-to-right transformation on the top row. Both transformations involve objects flipping upside down.

Step-by-step reasoning:

1. In the left picture, the object is facing upwards.
2. In the right picture, the object is facing downwards.
3. The transformation on the bottom row marked by (B) involves objects flipping upside down.
4. The transformation on the top row also involves objects flipping upside down.
5. The transformation on the bottom row marked by (B) is the same as the transformation on the top row.</s>",1,1.0,1
15,0,0,X,0,X,Y,0,"(1) Orientation of objects

The left-to-right transformation on top of the puzzle involves a change in the orientation of the object, which is a rose. In the left picture, the rose is facing upwards, while in the right picture, it is facing downwards. This change in orientation is a characteristic of rule (1) Orientation of objects.

Step-by-step reasoning:

1. The left picture shows a rose facing upwards.
2. The right picture shows the same rose, but it is facing downwards.
3. This change in orientation is a characteristic of rule (1) Orientation of objects.
4. The other rules (2) Size of objects, (3) Color of objects, and (4) No change between pictures do not apply to this particular transformation.</s>","(1) Objects flip upside down

The left-to-right transformation on top of the puzzle involves a change in the orientation of the object, which is a rose. In the left picture, the rose is facing upwards, while in the right picture, it is facing downwards. This change in orientation is a characteristic of rule (1) Objects flip upside down.

Step-by-step reasoning:

1. The left picture shows a rose facing upwards.
2. The right picture shows the same rose, but it is facing downwards.
3. This change in orientation is a characteristic of rule (1) Objects flip upside down.
4. The other rules (2) Objects flip sideways, (3) No change between pictures, and (4) Doesn't apply do not apply to this particular transformation.</s>","(A)

The left-to-right transformation on the bottom of the puzzle that is the same as the left-to-right transformation on the top of the puzzle involves a change in the orientation of the object, which is a rose. In the left picture, the rose is facing upwards, while in the right picture, it is facing downwards. This change in orientation is a characteristic of the transformation marked by (A).

Step-by-step reasoning:

1. The left picture shows a rose facing upwards.
2. The right picture shows the same rose, but it is facing downwards.
3. This change in orientation is a characteristic of the transformation marked by (A).
4. The other transformations (B) and (C) do not involve a change in orientation, so they do not match the transformation on the top of the puzzle.</s>",1,1.0,0
15,1,0,X,0,X,Y,0,"(2) Color of objects

The left-to-right transformation on top of the puzzle involves a change in the color of the object. In the image, there is a red rose on the left side, and it transforms into a green rose on the right side. This change in color indicates that the rule (2) applies to the transformation on top.

Step-by-step reasoning:

1. The image features a red rose on the left side and a green rose on the right side.
2. The red rose transforms into the green rose as we move from left to right.
3. This transformation involves a change in the color of the object, which is the definition of rule (2).

Therefore, the correct rule is (2) Color of objects.</s>","[Skipped mcq#2, incorrect previous response]","(A)

The left-to-right transformation on the bottom of the puzzle that is the same as the left-to-right transformation on the top is the one marked by (A).

Step-by-step reasoning:

1. The image features a red rose on the left side and a green rose on the right side.
2. The red rose transforms into the green rose as we move from left to right.
3. The left-to-right transformation on the bottom of the puzzle marked by (A) also involves a change in the color of the object, which is the same as the transformation on the top.

Therefore, the correct letter is (A).</s>",0,,0
15,2,0,X,0,X,Y,0,"(2) Orientation of objects

The left-to-right transformation on top of the puzzle involves a change in the orientation of the object, which is a rose. In the left picture, the rose is facing upwards, while in the right picture, it is facing downwards. This change in orientation is a characteristic of the transformation rule (2) Orientation of objects.

Step-by-step reasoning:

1. The left picture shows a rose facing upwards.
2. The right picture shows the same rose, but it is facing downwards.
3. This change in orientation is a characteristic of the transformation rule (2) Orientation of objects.

Therefore, the correct rule is (2) Orientation of objects.</s>","(2) Objects flip upside down

The left-to-right transformation on top of the puzzle involves a change in the orientation of the object, which is a rose. In the left picture, the rose is facing upwards, while in the right picture, it is facing downwards. This change in orientation is a characteristic of the transformation rule (2) Objects flip upside down.

Step-by-step reasoning:

1. The left picture shows a rose facing upwards.
2. The right picture shows the same rose, but it is facing downwards.
3. This change in orientation is a characteristic of the transformation rule (2) Objects flip upside down.

Therefore, the correct rule is (2) Objects flip upside down.</s>","(A)

The left-to-right transformation on the bottom of the puzzle involves a change in the orientation of the object, which is a chair. In the left picture, the chair is facing upwards, while in the right picture, it is facing downwards. This change in orientation is the same as the transformation on the top of the puzzle, which involves a change in the orientation of the rose.

Step-by-step reasoning:

1. The left picture shows a chair facing upwards.
2. The right picture shows the same chair, but it is facing downwards.
3. This change in orientation is the same as the transformation on the top of the puzzle, which involves a change in the orientation of the rose.

Therefore, the correct letter is (A).</s>",1,1.0,0
16,0,0,X,0,X,Y,0,"(1) Orientation of objects

The left-to-right transformation on top of the puzzle involves a change in the orientation of the object. In the left picture, the deer is standing, while in the right picture, the deer is lying down. This change in orientation is a characteristic of the transformation.

Step-by-step reasoning:

1. The left picture shows a deer standing.
2. The right picture shows the same deer lying down.
3. The transformation involves a change in the orientation of the deer, from standing to lying down.
4. This change in orientation is a characteristic of the transformation.
5. The other rules (2) Size of objects, (3) Color of objects, and (4) No change between pictures) do not apply to this particular transformation.</s>","(2) Objects flip upside down

The left-to-right transformation on top of the puzzle involves a change in the orientation of the object. In the left picture, the deer is standing, while in the right picture, the deer is lying down. This change in orientation is a characteristic of the transformation.

Step-by-step reasoning:

1. The left picture shows a deer standing.
2. The right picture shows the same deer lying down.
3. The transformation involves a change in the orientation of the deer, from standing to lying down.
4. This change in orientation is a characteristic of the transformation.
5. The other rules (1) Objects flip sideways, (3) No change between pictures, and (4) Doesn't apply) do not apply to this particular transformation.</s>","(A)

The left-to-right transformation on the bottom of the puzzle is the same as the left-to-right transformation on the top of the puzzle. Both transformations involve a change in the orientation of the object.

Step-by-step reasoning:

1. The left picture of the bottom transformation shows a deer standing.
2. The right picture of the bottom transformation shows the same deer lying down.
3. The transformation involves a change in the orientation of the deer, from standing to lying down.
4. This change in orientation is the same as the transformation on the top of the puzzle.
5. The other options (B) and (C) do not apply to this particular transformation.</s>",1,1.0,0
16,1,0,X,0,X,Y,0,"(3) Orientation of objects

The left-to-right transformation on top of the puzzle involves a change in the orientation of the object. In the left picture, the deer is standing, while in the right picture, the deer is lying down. This change in orientation is a form of transformation that is allowed under rule (3).

Step-by-step reasoning:

1. The left picture shows a deer standing.
2. The right picture shows the same deer lying down.
3. The transformation involves a change in the orientation of the deer, which is allowed under rule (3).

Therefore, the correct answer is (3) Orientation of objects.</s>","(2) Objects flip upside down

The left-to-right transformation on top of the puzzle involves a change in the orientation of the object. In the left picture, the deer is standing, while in the right picture, the deer is lying down. This change in orientation is a form of transformation that is allowed under rule (2).

Step-by-step reasoning:

1. The left picture shows a deer standing.
2. The right picture shows the same deer lying down.
3. The transformation involves a change in the orientation of the deer, which is allowed under rule (2).

Therefore, the correct answer is (2) Objects flip upside down.</s>","(C)

The left-to-right transformation on the bottom of the puzzle that is the same as the left-to-right transformation on the top of the puzzle is the one marked by (C).

Step-by-step reasoning:

1. The left picture on the bottom shows a deer standing.
2. The right picture on the bottom shows the same deer lying down.
3. The transformation involves a change in the orientation of the deer, which is the same as the transformation on the top of the puzzle.

Therefore, the correct answer is (C).</s>",1,1.0,0
16,2,0,X,0,X,Y,0,"(1) Orientation of objects

The left-to-right transformation on top of the puzzle involves a change in the orientation of the object. In the left picture, the deer is standing, while in the right picture, the deer is lying down. This change in orientation is a characteristic of the transformation.

Step-by-step reasoning:

1. The left picture shows a deer standing.
2. The right picture shows the same deer lying down.
3. The transformation involves a change in the orientation of the deer, from standing to lying down.
4. This change in orientation is a characteristic of the transformation.
5. The other rules (2) Color of objects, (3) Size of objects, and (4) No change between pictures) do not apply to this particular transformation.</s>","(3) No change between pictures

The transformation in the top of the puzzle involves no change between the pictures. The deer is in the same position in both the left and right pictures, but it is flipped upside down.

Step-by-step reasoning:

1. The left picture shows a deer standing upside down.
2. The right picture shows the same deer standing upside down.
3. The transformation involves no change in the position of the deer, as it remains upside down in both pictures.
4. The other rules (1) Objects flip upside down, (2) Objects flip sideways, and (4) Doesn't apply) do not apply to this particular transformation.</s>","(C)

The left-to-right transformation on the bottom of the puzzle marked by (C) is the same as the left-to-right transformation on the top of the puzzle.

Step-by-step reasoning:

1. The left picture on the bottom shows a deer standing upside down.
2. The right picture on the bottom shows the same deer standing upside down.
3. The transformation on the bottom involves no change in the position of the deer, as it remains upside down in both pictures.
4. The transformation on the top of the puzzle also involves no change in the position of the deer, as it remains upside down in both pictures.
5. The other transformations (A) and (B) involve changes in the orientation, size, or color of the deer, which do not match the characteristic of the transformation on the top of the puzzle.
6. The answer is (C) as it is the only transformation that matches the characteristic of the transformation on the top of the puzzle.</s>",1,0.0,0
17,0,0,X,0,X,Y,0,"(1) Orientation of objects

The left-to-right transformation on top of the puzzle involves a change in the orientation of the objects. In the image, the objects are initially positioned horizontally, and they are transformed into a vertical orientation as they move from left to right. This change in orientation is a clear indication of the transformation rule (1) Orientation of objects.

Step-by-step reasoning:

1. The objects are initially positioned horizontally.
2. As the transformation progresses from left to right, the objects are rotated 90 degrees, causing them to change orientation from horizontal to vertical.
3. The objects maintain their size, number, and color throughout the transformation, which aligns with rule (1) Orientation of objects.</s>","(2) Objects flip sideways

The transformation in the top of the puzzle involves objects flipping sideways. In the image, the objects are initially positioned horizontally, and they are transformed into a vertical orientation as they move from left to right. This flipping sideways is a clear indication of the transformation rule (2) Objects flip sideways.

Step-by-step reasoning:

1. The objects are initially positioned horizontally.
2. As the transformation progresses from left to right, the objects are rotated 90 degrees, causing them to flip sideways.
3. The objects maintain their size, number, and color throughout the transformation, which aligns with rule (2) Objects flip sideways.</s>","(A)

The left-to-right transformation on the bottom of the puzzle marked by (A) is the same as the left-to-right transformation on the top of the puzzle. Both transformations involve objects flipping sideways.

Step-by-step reasoning:

1. The objects are initially positioned horizontally.
2. As the transformation progresses from left to right, the objects are rotated 90 degrees, causing them to flip sideways.
3. The objects maintain their size, number, and color throughout the transformation, which aligns with the transformation rule (2) Objects flip sideways.</s>",1,0.0,0
17,1,0,X,0,X,Y,0,"(2) Color of objects

Step-by-step reasoning:

1. The left-to-right transformation on top involves a change in the color of the objects. In the image, the objects on the left are orange, while the objects on the right are green. This indicates that the transformation involves a change in color.

2. The three left-to-right transformations on the bottom involve changes in the size, orientation, or number of objects. The objects on the left are larger than the objects on the right, and the orientation of the objects is different in each transformation. This suggests that the transformations on the bottom do not follow the same color change rule as the top transformation.

3. The other rules do not apply to the given puzzle. Rule (1) does not apply because the orientation of the objects is not consistent across the transformations. Rule (3) does not apply because the size of the objects is not consistent across the transformations. Rule (4) does not apply because there is a change in the color of the objects in the top transformation.</s>","[Skipped mcq#2, incorrect previous response]","(D) None of the options apply

Step-by-step reasoning:

1. The left-to-right transformation on top involves a change in the color of the objects. In the image, the objects on the left are orange, while the objects on the right are green. This indicates that the transformation involves a change in color.

2. The three left-to-right transformations on the bottom involve changes in the size, orientation, or number of objects. The objects on the left are larger than the objects on the right, and the orientation of the objects is different in each transformation. This suggests that none of the transformations on the bottom are the same as the top transformation.

3. The other rules do not apply to the given puzzle. Rule (1) does not apply because the orientation of the objects is not consistent across the transformations. Rule (3) does not apply because the size of the objects is not consistent across the transformations. Rule (4) does not apply because there is a change in the color of the objects in the top transformation.</s>",0,,0
17,2,0,X,0,X,Y,0,"(1) Color of objects

The left-to-right transformation on top of the puzzle involves a change in the color of the objects. In the image, the objects on the left are orange, while the objects on the right are green. This indicates that the transformation involves a change in color, which is consistent with rule (1).

Step-by-step reasoning:

1. The objects on the left are orange.
2. The objects on the right are green.
3. The transformation involves a change in color from orange to green.
4. Rule (1) states that the color of objects changes in the transformation.
5. Therefore, the correct rule is (1).</s>","[Skipped mcq#2, incorrect previous response]","(A)

The left-to-right transformation on the bottom of the puzzle marked by (A) is the same as the left-to-right transformation on the top of the puzzle. The objects on the left are orange, and the objects on the right are green. This indicates that the transformation involves a change in color, which is consistent with the transformation on the top of the puzzle.

Step-by-step reasoning:

1. The objects on the left are orange.
2. The objects on the right are green.
3. The transformation involves a change in color from orange to green.
4. The left-to-right transformation on the bottom of the puzzle marked by (A) involves the same change in color.
5. Therefore, the correct option is (A).</s>",0,,0
18,0,0,X,0,X,Y,0,"(2) Orientation of objects

The left-to-right transformation on top of the puzzle involves a change in the orientation of the object. In the image, the fish is initially facing left, and it transforms to face right. This change in orientation is a characteristic of the transformation on top.

Step-by-step reasoning:

1. The fish is initially facing left.
2. The fish is transformed to face right.
3. The fish is now facing right.

This transformation is an example of the orientation rule (2) as it involves a change in the orientation of the object.</s>","(3) No change between pictures

The transformation in the top of the puzzle involves no change between the pictures. The fish remains the same in both the left and right pictures.

Step-by-step reasoning:

1. The fish is facing left.
2. The fish is facing left.

This transformation is an example of the no change rule (3) as it involves no change between the pictures.</s>","(C)

The left-to-right transformation on the bottom of the puzzle marked by (C) is the same as the left-to-right transformation on the top of the puzzle.

Step-by-step reasoning:

1. The fish is facing left.
2. The fish is facing right.

This transformation is an example of the orientation rule (2) as it involves a change in the orientation of the object.</s>",1,0.0,1
18,1,0,X,0,X,Y,0,"(1) Orientation of objects

The left-to-right transformation on top of the puzzle involves a change in the orientation of the object. In the image, the fish is initially facing left, and it transforms to face right. This change in orientation is a characteristic of rule (1) Orientation of objects.

Step-by-step reasoning:

1. The fish is initially facing left.
2. In the next image, the fish is rotated 180 degrees, so it now faces right.
3. The fish continues to face right in the subsequent images.

This transformation demonstrates that the orientation of the object has changed from left to right, which aligns with rule (1) Orientation of objects.</s>","(2) Objects flip upside down

The left-to-right transformation on top of the puzzle involves the fish flipping upside down. In the image, the fish is initially upside down, and it transforms to be right-side up in the subsequent images. This change in orientation is a characteristic of rule (2) Objects flip upside down.

Step-by-step reasoning:

1. The fish is initially upside down.
2. In the next image, the fish is flipped over, so it is now right-side up.
3. The fish remains right-side up in the subsequent images.

This transformation demonstrates that the fish has flipped upside down from left to right, which aligns with rule (2) Objects flip upside down.</s>","(A)

The left-to-right transformation on the bottom of the puzzle involving the fish is the same as the left-to-right transformation on the top of the puzzle. In the image, the fish is initially upside down, and it transforms to be right-side up in the subsequent images. This change in orientation is a characteristic of rule (2) Objects flip upside down.

Step-by-step reasoning:

1. The fish is initially upside down.
2. In the next image, the fish is flipped over, so it is now right-side up.
3. The fish remains right-side up in the subsequent images.

This transformation demonstrates that the fish has flipped upside down from left to right, which aligns with rule (2) Objects flip upside down.</s>",1,1.0,1
18,2,0,X,0,X,Y,0,"(2) Orientation of objects

The left-to-right transformation on top of the puzzle involves a change in the orientation of the object. In the image, the fish is initially facing left, and it transforms to face right. This change in orientation is a characteristic of the transformation rule (2) Orientation of objects.

Step-by-step reasoning:

1. The fish is initially facing left.
2. The fish is transformed to face right.
3. The fish is now facing right.

This transformation is a clear example of the rule (2) Orientation of objects, which involves a change in the orientation of an object from one direction to another.</s>","(3) No change between pictures

The transformation in the top of the puzzle involves no change between the pictures. The fish remains the same in both the left and right pictures, with no flipping or rotation. This is a characteristic of the transformation rule (3) No change between pictures.

Step-by-step reasoning:

1. The fish is facing left in the left picture.
2. The fish is facing left in the right picture.

This transformation is a clear example of the rule (3) No change between pictures, which involves no change in the appearance of an object between two pictures.</s>","(C)

The left-to-right transformation on the bottom of the puzzle marked by (C) is the same as the left-to-right transformation on the top of the puzzle. Both transformations involve a change in the orientation of the fish, with the fish facing left in the left picture and facing right in the right picture.

Step-by-step reasoning:

1. The fish is facing left in the left picture.
2. The fish is facing right in the right picture.

This transformation is a clear example of the rule (2) Orientation of objects, which involves a change in the orientation of an object from one direction to another.</s>",1,0.0,0
19,0,0,X,0,X,Y,0,"(3) Orientation of objects

The left-to-right transformation on top of the puzzle involves a change in the orientation of the elephant. In the left image, the elephant is facing left, while in the right image, it is facing right. This change in orientation is a transformation of the object, making it a valid answer according to rule (3).

Step-by-step reasoning:

1. The left image shows an elephant facing left.
2. The right image shows the same elephant, but it is facing right.
3. The transformation from the left image to the right image involves a change in the orientation of the elephant, which is a valid transformation according to rule (3).</s>","(3) No change between pictures

The transformation in the top of the puzzle involves a change in the orientation of the elephant, but it does not involve any flipping or rotation. The elephant remains in the same position, but its orientation changes from facing left to facing right. This change in orientation does not involve any flipping or rotation, so it does not fit the descriptions of rules (1) or (2). Rule (3) is the most appropriate choice, as it states that there is no change between the pictures.

Step-by-step reasoning:

1. The left image shows an elephant facing left.
2. The right image shows the same elephant, but it is facing right.
3. The transformation from the left image to the right image involves a change in the orientation of the elephant, but it does not involve any flipping or rotation.
4. Rule (3) states that there is no change between the pictures, which accurately describes the transformation in this case.</s>","(C)

The left-to-right transformation on the bottom of the puzzle marked by (C) is the same as the left-to-right transformation on the top of the puzzle. Both transformations involve a change in the orientation of the elephant, with the elephant facing left in the left image and facing right in the right image.

Step-by-step reasoning:

1. The left image on the bottom shows an elephant facing left.
2. The right image on the bottom shows the same elephant, but it is facing right.
3. The transformation from the left image to the right image on the bottom is the same as the transformation from the left image to the right image on the top.
4. Both transformations involve a change in the orientation of the elephant, making them the same.
5. The correct answer is (C).</s>",1,0.0,0
19,1,0,X,0,X,Y,0,"(1) Orientation of objects

The left-to-right transformation on top of the puzzle involves a change in the orientation of the objects. In the left image, the elephant is facing left, while in the right image, the elephant is facing right. This change in orientation is a characteristic of the transformation.

Step-by-step reasoning:

1. The left image shows an elephant facing left.
2. The right image shows the same elephant, but it is facing right.
3. The transformation involves a change in the orientation of the elephant, which is a characteristic of rule (1).

The transformations on the bottom of the puzzle involve changes in the size, orientation, and number of objects, but not the color. Therefore, the correct rule is (1) Orientation of objects.</s>","(2) Objects flip sideways

The left-to-right transformation on top of the puzzle involves objects flipping sideways. In the left image, the elephant is standing upright, while in the right image, the elephant is upside down. This flipping sideways is a characteristic of the transformation.

Step-by-step reasoning:

1. The left image shows an elephant standing upright.
2. The right image shows the same elephant, but it is upside down.
3. The transformation involves the elephant flipping sideways, which is a characteristic of rule (2).

The transformations on the bottom of the puzzle involve changes in the size, orientation, and number of objects, but not the color. Therefore, the correct rule is (2) Objects flip sideways.</s>","(A)

The left-to-right transformation on the bottom of the puzzle marked by (A) is the same as the left-to-right transformation on the top of the puzzle. Both transformations involve objects flipping sideways.

Step-by-step reasoning:

1. The left image shows an elephant standing upright.
2. The right image shows the same elephant, but it is upside down.
3. The transformation on the bottom marked by (A) involves the elephant flipping sideways, which is the same as the transformation on the top of the puzzle.

The transformations on the bottom of the puzzle marked by (B) and (C) involve changes in the size, orientation, and number of objects, but not the color. Therefore, the correct answer is (A).</s>",1,0.0,1
19,2,0,X,0,X,Y,0,"(1) Orientation of objects

The left-to-right transformation on top of the puzzle involves a change in the orientation of the elephant. In the left image, the elephant is facing left, while in the right image, it is facing right. This change in orientation is a characteristic of the transformation, making it an example of rule (1) Orientation of objects.

Step-by-step reasoning:

1. The left image shows an elephant facing left.
2. The right image shows the same elephant, but it is facing right.
3. This change in orientation is a characteristic of the transformation.
4. Rule (1) Orientation of objects applies to this transformation.</s>","(2) Objects flip upside down

The left-to-right transformation on top of the puzzle involves the elephant flipping upside down. In the left image, the elephant is standing on its feet, while in the right image, it is standing on its head. This flipping action is a characteristic of the transformation, making it an example of rule (2) Objects flip upside down.

Step-by-step reasoning:

1. The left image shows an elephant standing on its feet.
2. The right image shows the same elephant, but it is standing on its head.
3. This flipping action is a characteristic of the transformation.
4. Rule (2) Objects flip upside down applies to this transformation.</s>","(A)

The left-to-right transformation on the bottom of the puzzle is the same as the left-to-right transformation on the top of the puzzle because both transformations involve the elephant flipping upside down. In the left image, the elephant is standing on its feet, while in the right image, it is standing on its head. This flipping action is a characteristic of both transformations, making them the same.

Step-by-step reasoning:

1. The left image shows an elephant standing on its feet.
2. The right image shows the same elephant, but it is standing on its head.
3. This flipping action is a characteristic of both transformations.
4. The left-to-right transformation on the bottom of the puzzle (marked by (A)) is the same as the left-to-right transformation on the top of the puzzle.</s>",1,1.0,1
20,0,0,X,0,X,Y,0,"(1) Orientation of objects

The left-to-right transformation on top of the puzzle involves a change in the orientation of the object. In the image, the Sonic the Hedgehog character is shown in different orientations, such as standing on his head, which indicates a change in the orientation of the character. This change in orientation is a characteristic of the transformation rule (1) Orientation of objects.

Step-by-step reasoning:

1. The image shows a Sonic the Hedgehog character in different orientations, such as standing on his head.
2. The orientation of the character changes from left to right, which is a characteristic of the transformation rule (1) Orientation of objects.
3. The other two rules (2) Size of objects, (3) Color of objects, and (4) No change between pictures) do not apply to this particular transformation, as the size, color, and overall appearance of the character change from left to right.</s>","(1) Objects flip upside down

The transformation in the top of the puzzle involves the Sonic the Hedgehog character flipping upside down. This change in orientation is a characteristic of the transformation rule (1) Objects flip upside down.

Step-by-step reasoning:

1. The image shows a Sonic the Hedgehog character in different orientations, such as standing on his head.
2. The character flips upside down from left to right, which is a characteristic of the transformation rule (1) Objects flip upside down.
3. The other two rules (2) Objects flip sideways and (3) No change between pictures) do not apply to this particular transformation, as the character does not flip sideways and there is a change in the orientation of the character from left to right.
4. The rule (4) Doesn't apply is not applicable, as it is not a valid transformation rule.</s>","(A)

The left-to-right transformation on the bottom of the puzzle marked by (A) is the same as the left-to-right transformation on the top of the puzzle. Both transformations involve the Sonic the Hedgehog character flipping upside down.

Step-by-step reasoning:

1. The image shows a Sonic the Hedgehog character in different orientations, such as standing on his head.
2. The character flips upside down from left to right in both the top and bottom transformations, which is a characteristic of the transformation rule (1) Objects flip upside down.
3. The other two transformations (B) and (C) do not involve the same orientation change as the top transformation, as they do not show the character flipping upside down.
4. The option (D) does not apply, as none of the three transformations on the bottom of the puzzle match the top transformation.</s>",1,1.0,0
20,1,0,X,0,X,Y,0,"(2) Orientation of objects

The left-to-right transformation on top of the puzzle involves a change in the orientation of the object. In the left image, the object is facing upwards, while in the right image, the object is facing downwards. This change in orientation is a characteristic of the transformation.

Step-by-step reasoning:

1. The left image shows an object facing upwards.
2. The right image shows the same object facing downwards.
3. The transformation involves a change in the orientation of the object.
4. The left-to-right transformation on top of the puzzle is the change in orientation of the object.

The other rules do not apply to this transformation, as there is no change in color, size, or number of objects in the images.</s>","(1) Objects flip upside down

The left-to-right transformation on top of the puzzle involves objects flipping upside down. In the left image, the object is facing upwards, while in the right image, the object is facing downwards. This flipping of the object is a characteristic of the transformation.

Step-by-step reasoning:

1. The left image shows an object facing upwards.
2. The right image shows the same object facing downwards.
3. The transformation involves objects flipping upside down.
4. The left-to-right transformation on top of the puzzle is the flipping of the object.

The other rules do not apply to this transformation, as there is no change in orientation, size, or number of objects in the images.</s>","(A)

The left-to-right transformation on the bottom of the puzzle marked by (A) is the same as the left-to-right transformation on the top of the puzzle. Both transformations involve objects flipping upside down.

Step-by-step reasoning:

1. The left image of the bottom transformation shows an object facing upwards.
2. The right image of the bottom transformation shows the same object facing downwards.
3. The transformation on the bottom marked by (A) involves objects flipping upside down.
4. The left-to-right transformation on the bottom marked by (A) is the same as the left-to-right transformation on the top of the puzzle.

The other two transformations on the bottom do not involve objects flipping upside down, so they do not match the transformation on the top.</s>",1,1.0,0
20,2,0,X,0,X,Y,0,"(2) Orientation of objects

The left-to-right transformation on top of the puzzle involves a change in the orientation of the object. In the left picture, the object is facing upwards, while in the right picture, the object is facing downwards. This change in orientation is a characteristic of the transformation in the top row.

Step-by-step reasoning:

1. The left picture shows an object facing upwards.
2. The right picture shows the same object facing downwards.
3. The transformation between the left and right pictures involves a change in the orientation of the object.
4. This change in orientation is a characteristic of the transformation in the top row.

Therefore, the correct rule is (2) Orientation of objects.</s>","(2) Objects flip upside down

The left-to-right transformation on top of the puzzle involves objects flipping upside down. In the left picture, the object is facing upwards, while in the right picture, the object is facing downwards. This change in orientation is a characteristic of the transformation in the top row.

Step-by-step reasoning:

1. The left picture shows an object facing upwards.
2. The right picture shows the same object facing downwards.
3. The transformation between the left and right pictures involves objects flipping upside down.
4. This change in orientation is a characteristic of the transformation in the top row.

Therefore, the correct rule is (2) Objects flip upside down.</s>","(C)

The left-to-right transformation on the bottom of the puzzle marked by (C) is the same as the left-to-right transformation on the top of the puzzle. Both transformations involve objects flipping upside down.

Step-by-step reasoning:

1. The left picture in the top row shows an object facing upwards.
2. The right picture in the top row shows the same object facing downwards.
3. The transformation in the top row involves objects flipping upside down.
4. The left picture in the bottom row shows an object facing upwards.
5. The right picture in the bottom row shows the same object facing downwards.
6. The transformation in the bottom row marked by (C) involves objects flipping upside down.

Therefore, the correct letter is (C).</s>",1,1.0,1
21,0,0,X,0,X,Y,0,"(3) Orientation of objects

The left-to-right transformation on top of the puzzle involves a change in the orientation of the object. In the left picture, the lion is standing on its feet, while in the right picture, the lion is lying on its back. This change in orientation is a transformation of the object, and it is the only rule that applies to this particular transformation.

Step-by-step reasoning:

1. The left picture shows a lion standing on its feet.
2. The right picture shows the same lion lying on its back.
3. The transformation involves a change in the orientation of the lion, which is a rule of (3) Orientation of objects.

The other rules do not apply to this particular transformation, as there is no change in size, color, or number of objects in the images.</s>","(2) Objects flip upside down

The left-to-right transformation on top of the puzzle involves a change in the orientation of the object. In the left picture, the lion is standing on its feet, while in the right picture, the lion is lying on its back. This change in orientation is a transformation of the object, and it is the only rule that applies to this particular transformation.

Step-by-step reasoning:

1. The left picture shows a lion standing on its feet.
2. The right picture shows the same lion lying on its back.
3. The transformation involves a change in the orientation of the lion, which is a rule of (2) Objects flip upside down.

The other rules do not apply to this particular transformation, as there is no change in size, color, or number of objects in the images.</s>","(C)

The left-to-right transformation on the bottom of the puzzle is the same as the left-to-right transformation on the top of the puzzle. Both transformations involve a change in the orientation of the object.

Step-by-step reasoning:

1. The left picture on the bottom shows a lion standing on its feet.
2. The right picture on the bottom shows the same lion lying on its back.
3. The transformation on the bottom is the same as the transformation on the top, as both involve a change in the orientation of the lion.

The other options (A) and (B) do not apply, as they involve different types of transformations.</s>",1,1.0,1
21,1,0,X,0,X,Y,0,"(3) Orientation of objects

The left-to-right transformation on top of the puzzle involves a change in the orientation of the object. In the image, the lion is shown in different positions, such as standing, sitting, and lying down. This demonstrates that the orientation of the object has changed from one picture to the next.

Step-by-step reasoning:

1. In the left picture, the lion is standing.
2. In the middle picture, the lion is sitting.
3. In the right picture, the lion is lying down.

This sequence of images shows a change in the orientation of the lion, which is the characteristic of rule (3) Orientation of objects.</s>","(1) Objects flip upside down

The left-to-right transformation on top of the puzzle involves the objects flipping upside down. In the image, the lion is shown in different positions, such as standing, sitting, and lying down. This demonstrates that the objects are flipping upside down from one picture to the next.

Step-by-step reasoning:

1. In the left picture, the lion is standing.
2. In the middle picture, the lion is sitting.
3. In the right picture, the lion is lying down.

This sequence of images shows the objects flipping upside down, which is the characteristic of rule (1) Objects flip upside down.</s>","(A)

The left-to-right transformation on the bottom of the puzzle marked by (A) is the same as the left-to-right transformation on the top of the puzzle. In the image, the lion is shown in different positions, such as standing, sitting, and lying down. This demonstrates that the objects are flipping upside down from one picture to the next.

Step-by-step reasoning:

1. In the left picture, the lion is standing.
2. In the middle picture, the lion is sitting.
3. In the right picture, the lion is lying down.

This sequence of images shows the objects flipping upside down, which is the characteristic of rule (1) Objects flip upside down.</s>",1,1.0,1
21,2,0,X,0,X,Y,0,"(3) Orientation of objects

The left-to-right transformation on top of the puzzle involves a change in the orientation of the object. In the image, the lion is shown in different positions, such as standing, sitting, and lying down. This demonstrates that the orientation of the object has changed from one position to another. The other transformations on the bottom also involve changes in orientation, making this the most appropriate rule to describe the transformation on top.

Step-by-step reasoning:

1. The lion is shown in a standing position on the left.
2. In the middle, the lion is shown in a sitting position.
3. On the right, the lion is shown in a lying down position.

These transformations show that the orientation of the object has changed from standing to sitting to lying down, which aligns with the rule (3) Orientation of objects.</s>","(1) Objects flip upside down

The left-to-right transformation on top of the puzzle involves the lion flipping upside down. In the image, the lion is shown in different positions, such as standing, sitting, and lying down. The flipping of the lion from one position to another demonstrates that the object has flipped upside down, which aligns with the rule (1) Objects flip upside down.

Step-by-step reasoning:

1. The lion is shown in a standing position on the left.
2. In the middle, the lion is shown in a sitting position.
3. On the right, the lion is shown in a lying down position.

These transformations show that the lion has flipped upside down from standing to sitting to lying down, which aligns with the rule (1) Objects flip upside down.</s>","(A)

The left-to-right transformation on the bottom of the puzzle marked by (A) is the same as the left-to-right transformation on the top of the puzzle. In the image, the lion is shown in different positions, such as standing, sitting, and lying down. The flipping of the lion from one position to another demonstrates that the object has flipped upside down, which aligns with the rule (1) Objects flip upside down.

Step-by-step reasoning:

1. The lion is shown in a standing position on the left.
2. In the middle, the lion is shown in a sitting position.
3. On the right, the lion is shown in a lying down position.

These transformations show that the lion has flipped upside down from standing to sitting to lying down, which aligns with the rule (1) Objects flip upside down.</s>",1,1.0,1
22,0,0,X,0,X,Y,0,"(2) Orientation of objects

The left-to-right transformation on top of the puzzle involves a change in the orientation of the object. In the image, the object is shown in different orientations, such as a square, a triangle, and a circle. This indicates that the transformation is related to the orientation of the object, rather than the number, color, or size of the object.

Step-by-step reasoning:

1. The image shows a square, a triangle, and a circle, which are different orientations of the same object.
2. The transformation involves changing the orientation of the object from one shape to another.
3. The transformation does not involve changes in the number, color, or size of the object.
4. The transformation is consistent across the three different orientations, which suggests that it is related to the orientation of the object.

Therefore, the correct rule is (2) Orientation of objects.</s>","(1) Objects flip upside down

The transformation in the top of the puzzle involves objects flipping upside down. In the image, the object is shown in different orientations, such as a square, a triangle, and a circle, which are all upside down compared to their original orientation. This indicates that the transformation is related to the object flipping upside down, rather than the number, color, or size of the object.

Step-by-step reasoning:

1. The image shows a square, a triangle, and a circle, which are different orientations of the same object.
2. The object is upside down in each of the three different orientations.
3. The transformation does not involve changes in the number, color, or size of the object.
4. The transformation is consistent across the three different orientations, which suggests that it is related to the object flipping upside down.

Therefore, the correct rule is (1) Objects flip upside down.</s>","(D) None of the options apply

None of the three left-to-right object transformations on the bottom of the puzzle is the same as the left-to-right transformation on the top of the puzzle. Each of the three transformations on the bottom involves a different change in the object, such as a change in size, orientation, number, or color.

Step-by-step reasoning:

1. The image shows three different transformations on the bottom of the puzzle, marked by (A), (B), and (C).
2. Each of the three transformations involves a different change in the object, such as a change in size, orientation, number, or color.
3. The transformation on the top of the puzzle involves objects flipping upside down, which is not the same as any of the transformations on the bottom of the puzzle.
4. Therefore, none of the options (A), (B), or (C) applies, and the correct answer is (D) None of the options apply.</s>",1,1.0,0
22,1,0,X,0,X,Y,0,"(3) Orientation of objects

Step-by-step reasoning:

1. The left-to-right transformation on top involves a change in the orientation of the object. In the left picture, the object is facing upwards, while in the right picture, it is facing downwards.
2. The three left-to-right transformations of the different object on the bottom also involve a change in orientation. In the left picture, the object is facing upwards, while in the right picture, it is facing downwards.
3. The other rules do not apply to this puzzle, as there is no change in color, size, or number of objects between the pictures.</s>","(2) Objects flip upside down

Step-by-step reasoning:

1. The left-to-right transformation on top involves a change in the orientation of the object. In the left picture, the object is facing upwards, while in the right picture, it is facing downwards.
2. The three left-to-right transformations of the different object on the bottom also involve a change in orientation. In the left picture, the object is facing upwards, while in the right picture, it is facing downwards.
3. The other rules do not apply to this puzzle, as there is no flipping sideways or no change between pictures.</s>","(C)

Step-by-step reasoning:

1. The left-to-right transformation on top involves a change in the orientation of the object. In the left picture, the object is facing upwards, while in the right picture, it is facing downwards.
2. The three left-to-right transformations of the different object on the bottom also involve a change in orientation. In the left picture, the object is facing upwards, while in the right picture, it is facing downwards.
3. The other two transformations (A and B) do not involve a change in orientation, as the objects remain facing the same direction in both pictures.
4. Therefore, the transformation marked by (C) is the same as the left-to-right transformation on the top of the puzzle.</s>",1,1.0,1
22,2,0,X,0,X,Y,0,"(3) Orientation of objects

The left-to-right transformation on top of the puzzle involves a change in the orientation of the object. In the image, the object is shown in different orientations, such as a square, a triangle, and a circle. This indicates that the transformation is related to the orientation of the object, rather than the number, color, or size of the object.

Step-by-step reasoning:

1. The image shows a square, a triangle, and a circle, which are different orientations of the same object.
2. The transformation involves changing the orientation of the object from one shape to another.
3. The transformation does not involve changes in the number, color, or size of the object.
4. The transformation is consistent across the three different orientations, which suggests that it is related to the orientation of the object.

Therefore, the correct rule is (3) Orientation of objects.</s>","(2) Objects flip upside down

The transformation in the top of the puzzle involves objects flipping upside down. In the image, the object is shown in different orientations, such as a square, a triangle, and a circle, which are all upside down compared to their original orientation. This indicates that the transformation is related to the object flipping upside down, rather than the number, color, or size of the object.

Step-by-step reasoning:

1. The image shows a square, a triangle, and a circle, which are different orientations of the same object.
2. The transformation involves changing the orientation of the object from one shape to another.
3. The transformation does not involve changes in the number, color, or size of the object.
4. The transformation is consistent across the three different orientations, which suggests that it is related to the object flipping upside down.

Therefore, the correct rule is (2) Objects flip upside down.</s>",(C)</s>,1,1.0,1
23,0,0,X,0,X,Y,0,"(1) Orientation of objects

The left-to-right transformation on top of the puzzle involves a change in the orientation of the object. In the left picture, the camel is standing on its feet, while in the right picture, the camel is upside down. This change in orientation is a characteristic of the transformation.

Step-by-step reasoning:

1. The left picture shows a camel standing on its feet.
2. The right picture shows the same camel, but it is upside down.
3. The transformation involves a change in the orientation of the camel, which is a characteristic of rule (1) - Orientation of objects.</s>","(2) Objects flip upside down

The left-to-right transformation on top of the puzzle involves a change in the orientation of the object. In the left picture, the camel is standing on its feet, while in the right picture, the camel is upside down. This change in orientation is a characteristic of the transformation.

Step-by-step reasoning:

1. The left picture shows a camel standing on its feet.
2. The right picture shows the same camel, but it is upside down.
3. The transformation involves a change in the orientation of the camel, which is a characteristic of rule (2) - Objects flip upside down.</s>","(A)

The left-to-right transformation on the bottom of the puzzle is the same as the left-to-right transformation on the top of the puzzle. Both transformations involve a change in the orientation of the object.

Step-by-step reasoning:

1. The left picture shows a camel standing on its feet.
2. The right picture shows the same camel, but it is upside down.
3. The transformation on the bottom of the puzzle, marked by (A), involves the same change in orientation as the transformation on the top of the puzzle.
4. The transformation on the bottom of the puzzle, marked by (B), involves a change in the size of the object.
5. The transformation on the bottom of the puzzle, marked by (C), involves a change in the number of objects.
6. None of the transformations on the bottom of the puzzle match the transformation on the top of the puzzle.
7. The correct answer is (A), as it represents the same transformation as the one on the top of the puzzle.</s>",1,1.0,0
23,1,0,X,0,X,Y,0,"(1) Orientation of objects

The left-to-right transformation on top of the puzzle involves a change in the orientation of the object. In the left picture, the camel is standing on all four legs, while in the right picture, the camel is upside down. This change in orientation is a characteristic of the transformation.

Step-by-step reasoning:

1. The left picture shows a camel standing on all four legs.
2. The right picture shows the same camel, but it is upside down.
3. The transformation involves a change in the orientation of the camel, which is a characteristic of rule (1) - Orientation of objects.</s>","(1) Objects flip upside down

The transformation in the top of the puzzle involves the camel flipping upside down. In the left picture, the camel is standing on all four legs, while in the right picture, the camel is upside down. This change in orientation is a characteristic of the transformation.

Step-by-step reasoning:

1. The left picture shows a camel standing on all four legs.
2. The right picture shows the same camel, but it is upside down.
3. The transformation involves the camel flipping upside down, which is a characteristic of rule (1) - Objects flip upside down.</s>","(A)

The left-to-right transformation on the bottom of the puzzle marked by (A) is the same as the left-to-right transformation on the top of the puzzle. Both transformations involve the camel flipping upside down.

Step-by-step reasoning:

1. The left picture of the camel on the bottom shows it standing on all four legs.
2. The right picture of the camel on the bottom shows it upside down.
3. The transformation on the bottom marked by (A) involves the camel flipping upside down, which is the same as the transformation on the top of the puzzle.</s>",1,1.0,0
23,2,0,X,0,X,Y,0,"(1) Orientation of objects

The left-to-right transformation on top of the puzzle involves a change in the orientation of the object. In the left picture, the camel is standing on its feet, while in the right picture, the camel is upside down. This change in orientation is a characteristic of the transformation.

Step-by-step reasoning:

1. The left picture shows a camel standing on its feet.
2. The right picture shows the same camel, but it is upside down.
3. The transformation involves a change in the orientation of the camel, which is a characteristic of rule (1) - Orientation of objects.</s>","(1) Objects flip upside down

The transformation in the top of the puzzle involves the camel flipping upside down. In the left picture, the camel is standing on its feet, while in the right picture, the camel is upside down. This change in orientation is a characteristic of the transformation.

Step-by-step reasoning:

1. The left picture shows a camel standing on its feet.
2. The right picture shows the same camel, but it is upside down.
3. The transformation involves the camel flipping upside down, which is a characteristic of rule (1) - Objects flip upside down.</s>","(A)

The left-to-right transformation on the bottom of the puzzle marked by (A) is the same as the left-to-right transformation on the top of the puzzle. Both transformations involve the camel flipping upside down.

Step-by-step reasoning:

1. The left picture of the camel on the bottom shows it standing on its feet.
2. The right picture of the camel on the bottom shows it upside down.
3. The transformation on the bottom marked by (A) involves the camel flipping upside down, which is the same as the transformation on the top of the puzzle.</s>",1,1.0,0
24,0,0,X,0,X,Y,0,"(2) Orientation of objects

The left-to-right transformation on top of the puzzle involves a change in the orientation of the object. In the image, the couch is transformed from a horizontal position to a vertical position. This change in orientation is a clear indication of the transformation rule (2) Orientation of objects.

Step-by-step reasoning:

1. The couch is initially in a horizontal position.
2. It is transformed into a vertical position.
3. The couch remains the same object throughout the transformation, but its orientation changes.

This transformation is consistent with rule (2) Orientation of objects, which requires a change in the orientation of the object from one picture to the next.</s>","(2) Objects flip upside down

The transformation in the top of the puzzle involves the couch flipping upside down. This change in orientation is a clear indication of the transformation rule (2) Objects flip upside down.

Step-by-step reasoning:

1. The couch is initially in a horizontal position.
2. It is transformed into an upside-down position.
3. The couch remains the same object throughout the transformation, but its orientation changes.

This transformation is consistent with rule (2) Objects flip upside down, which requires a change in the orientation of the object from one picture to the next.</s>","(A)

The left-to-right transformation on the bottom of the puzzle marked by (A) is the same as the left-to-right transformation on the top of the puzzle.

Step-by-step reasoning:

1. The couch is initially in a horizontal position.
2. It is transformed into an upside-down position.
3. The couch remains the same object throughout the transformation, but its orientation changes.

This transformation is consistent with the left-to-right transformation on the bottom of the puzzle marked by (A), which also involves a change in the orientation of the object from one picture to the next.</s>",1,1.0,0
24,1,0,X,0,X,Y,0,"(3) Orientation of objects

The left-to-right transformation on top of the puzzle involves a change in the orientation of the object. In the image, the object is initially positioned horizontally, and it transforms into a vertical position as it moves to the right. This change in orientation is a key aspect of the transformation, making it a clear example of rule (3).

Step-by-step reasoning:

1. The object is initially positioned horizontally on the left side of the puzzle.
2. As the puzzle progresses to the right, the object rotates 90 degrees, changing its orientation from horizontal to vertical.
3. The object remains the same size and color throughout the transformation, adhering to rule (3).</s>","(3) No change between pictures

The transformation in the top of the puzzle involves no change between the pictures. The object remains the same size, orientation, and color throughout the transformation, adhering to rule (3).

Step-by-step reasoning:

1. The object is initially positioned horizontally on the left side of the puzzle.
2. As the puzzle progresses to the right, the object remains in the same position, orientation, and color.
3. The object does not flip upside down or sideways, making rule (1) and (2) inapplicable.</s>","(C)

The left-to-right transformation on the bottom of the puzzle marked by (C) is the same as the left-to-right transformation on the top of the puzzle. Both transformations involve a change in orientation, making them similar in nature.

Step-by-step reasoning:

1. The object is initially positioned horizontally on the left side of the puzzle.
2. As the puzzle progresses to the right, the object rotates 90 degrees, changing its orientation from horizontal to vertical.
3. The object remains the same size and color throughout the transformation, adhering to rule (3).

The transformations marked by (A) and (B) do not involve a change in orientation, making them different from the transformation on the top of the puzzle.</s>",1,0.0,1
24,2,0,X,0,X,Y,0,"(1) Orientation of objects

The left-to-right transformation on top of the puzzle involves a change in the orientation of the object. In the image, the couch is transformed from a horizontal position to a vertical position. This change in orientation is a characteristic of rule (1) Orientation of objects.

Step-by-step reasoning:

1. The couch is initially in a horizontal position.
2. It is transformed into a vertical position.
3. The couch remains the same object throughout the transformation.
4. The change in orientation is a characteristic of rule (1) Orientation of objects.</s>","(2) Objects flip upside down

The left-to-right transformation on top of the puzzle involves the couch flipping upside down. This change in orientation is a characteristic of rule (2) Objects flip upside down.

Step-by-step reasoning:

1. The couch is initially in a horizontal position.
2. It is transformed into an upside-down position.
3. The couch remains the same object throughout the transformation.
4. The change in orientation is a characteristic of rule (2) Objects flip upside down.</s>","(A)

The left-to-right transformation on the bottom of the puzzle marked by (A) is the same as the left-to-right transformation on the top of the puzzle.

Step-by-step reasoning:

1. The couch is initially in a horizontal position.
2. It is transformed into an upside-down position.
3. The couch remains the same object throughout the transformation.
4. The change in orientation is a characteristic of rule (2) Objects flip upside down.
5. The transformation on the bottom marked by (A) involves the same change in orientation as the transformation on the top.

Therefore, the correct answer is (A).</s>",1,1.0,0
25,0,0,X,0,X,Y,0,"(2) Orientation of objects

The left-to-right transformation on top of the puzzle involves a change in the orientation of the object. In the image, the object is shown in two different orientations, one on the left and one on the right. This change in orientation is a characteristic of rule (2) Orientation of objects.

Step-by-step reasoning:

1. The object is shown in two different orientations, one on the left and one on the right.
2. The orientation of the object changes from left to right, which is a characteristic of rule (2) Orientation of objects.
3. The other rules (1) Color of objects, (3) Number of objects, and (4) No change between pictures) do not apply to this particular transformation.</s>","(2) Objects flip upside down

The left-to-right transformation on top of the puzzle involves objects flipping upside down. In the image, the object is shown in two different orientations, one on the left and one on the right, with the object being upside down in the right picture. This change in orientation is a characteristic of rule (2) Objects flip upside down.

Step-by-step reasoning:

1. The object is shown in two different orientations, one on the left and one on the right.
2. The object is upside down in the right picture, which is a characteristic of rule (2) Objects flip upside down.
3. The other rules (1) Objects flip sideways, (3) No change between pictures, and (4) Doesn't apply) do not apply to this particular transformation.</s>","(C)

The left-to-right transformation on the bottom of the puzzle marked by (C) is the same as the left-to-right transformation on the top of the puzzle. Both transformations involve objects flipping upside down.

Step-by-step reasoning:

1. The left-to-right transformation on the bottom of the puzzle marked by (C) involves objects flipping upside down.
2. The left-to-right transformation on the top of the puzzle also involves objects flipping upside down.
3. The other transformations (A) and (B) do not involve objects flipping upside down, so they do not match the transformation on the top of the puzzle.
4. Since there is no option (D) to choose from, the correct answer is (C).</s>",1,1.0,0
25,1,0,X,0,X,Y,0,"(2) Number of objects

The left-to-right transformation on top of the puzzle involves a change in the number of objects. In the left picture, there are two objects, while in the right picture, there are three objects. This change in the number of objects is the only transformation that occurs in the top row of the puzzle.

Step-by-step reasoning:

1. In the left picture, there are two objects.
2. In the right picture, there are three objects.
3. The transformation involves a change in the number of objects from two to three.
4. This change in the number of objects is the only transformation that occurs in the top row of the puzzle.

Therefore, the correct rule is (2) Number of objects.</s>","[Skipped mcq#2, incorrect previous response]","(A)

The left-to-right transformation on the bottom of the puzzle marked by (A) is the same as the left-to-right transformation on the top of the puzzle.

Step-by-step reasoning:

1. In the left picture, there are two objects.
2. In the right picture, there are three objects.
3. The transformation on the top involves a change in the number of objects from two to three.
4. The transformation on the bottom marked by (A) also involves a change in the number of objects from two to three.
5. Therefore, the transformation on the bottom marked by (A) is the same as the transformation on the top.

Therefore, the correct letter is (A).</s>",0,,0
25,2,0,X,0,X,Y,0,"(2) Orientation of objects

The left-to-right transformation on top of the puzzle involves a change in the orientation of the object. In the image, the object is shown in different orientations, such as upside down, sideways, or right side up. This change in orientation is a characteristic of the transformation on top.

Step-by-step reasoning:

1. The object is shown in an upside-down orientation on the left side.
2. In the middle, the object is shown in a sideways orientation.
3. On the right side, the object is shown in a right side up orientation.

This sequence of orientations demonstrates the transformation of the object from upside down to sideways and finally to right side up, which is a change in orientation.</s>","(2) Objects flip upside down

The transformation in the top of the puzzle involves objects flipping upside down. In the image, the objects are shown in different orientations, such as upside down, sideways, or right side up. This change in orientation is a characteristic of the transformation.

Step-by-step reasoning:

1. The object is shown in an upside-down orientation on the left side.
2. In the middle, the object is shown in a sideways orientation.
3. On the right side, the object is shown in an upside-down orientation.

This sequence of orientations demonstrates the transformation of the object from upside down to sideways and finally back to upside down, which is a change in orientation.</s>","(A)

The left-to-right transformation on the bottom of the puzzle marked by (A) is the same as the left-to-right transformation on the top of the puzzle.

Step-by-step reasoning:

1. The object is shown in an upside-down orientation on the left side.
2. In the middle, the object is shown in a sideways orientation.
3. On the right side, the object is shown in an upside-down orientation.

This sequence of orientations demonstrates the transformation of the object from upside down to sideways and finally back to upside down, which is the same transformation as the one on the top of the puzzle.</s>",1,1.0,0
26,0,0,X,0,X,Y,0,"(1) Orientation of objects

The left-to-right transformation on top of the puzzle involves a change in the orientation of the motorcycle. In the left image, the motorcycle is facing forward, while in the right image, it is facing backward. This change in orientation is an example of the rule (1) Orientation of objects.

Step-by-step reasoning:

1. The left image shows a motorcycle facing forward.
2. The right image shows the same motorcycle, but it is facing backward.
3. This change in orientation is an example of the rule (1) Orientation of objects.</s>","(2) Objects flip upside down

The left-to-right transformation on top of the puzzle involves the motorcycle flipping upside down. In the left image, the motorcycle is upright, while in the right image, it is upside down. This change in orientation is an example of the rule (2) Objects flip upside down.

Step-by-step reasoning:

1. The left image shows a motorcycle upright.
2. The right image shows the same motorcycle, but it is upside down.
3. This change in orientation is an example of the rule (2) Objects flip upside down.</s>","(A)

The left-to-right transformation on the bottom of the puzzle that is the same as the left-to-right transformation on the top of the puzzle is the one marked by (A). This transformation involves the motorcycle flipping upside down, which is the same as the transformation on the top of the puzzle.

Step-by-step reasoning:

1. The left image shows a motorcycle upright.
2. The right image shows the same motorcycle, but it is upside down.
3. This change in orientation is an example of the rule (2) Objects flip upside down.
4. The left-to-right transformation on the bottom of the puzzle marked by (A) also involves the motorcycle flipping upside down.
5. Therefore, the left-to-right transformation on the bottom of the puzzle marked by (A) is the same as the left-to-right transformation on the top of the puzzle.</s>",1,1.0,0
26,1,0,X,0,X,Y,0,"(2) Orientation of objects

The left-to-right transformation on top of the puzzle involves a change in the orientation of the motorcycle. In the left image, the motorcycle is facing forward, while in the right image, it is facing backward. This change in orientation is a transformation of the object, making it a valid answer according to rule (2).

Step-by-step reasoning:

1. The left image shows a motorcycle facing forward.
2. The right image shows the same motorcycle, but it is facing backward.
3. This change in orientation is a transformation of the object.
4. The transformation involves a change in the orientation of the motorcycle, which is covered by rule (2).

The other rules do not apply to this particular transformation, as there is no change in size, number, or color of the motorcycle.</s>","(3) No change between pictures

The transformation in the top of the puzzle involves a motorcycle that is flipped upside down. However, this is not a valid transformation according to the given rules. The correct answer is (3) No change between pictures, as there is no change in the orientation, size, or color of the motorcycle.

Step-by-step reasoning:

1. The left image shows a motorcycle facing forward.
2. The right image shows the same motorcycle, but it is flipped upside down.
3. Although the orientation of the motorcycle has changed, there is no change in size or color, which makes it a valid transformation according to rule (3).
4. The other rules do not apply to this particular transformation.</s>","(C)

The left-to-right transformation on the bottom of the puzzle that is the same as the left-to-right transformation on the top of the puzzle involves a change in the orientation of the motorcycle. In the left image, the motorcycle is facing forward, while in the right image, it is facing backward. This change in orientation is a transformation of the object, making it a valid answer according to rule (2).

Step-by-step reasoning:

1. The left image shows a motorcycle facing forward.
2. The right image shows the same motorcycle, but it is facing backward.
3. This change in orientation is a transformation of the object.
4. The transformation involves a change in the orientation of the motorcycle, which is covered by rule (2).

The other two transformations (A and B) do not involve a change in orientation, making them invalid answers.</s>",1,0.0,0
26,2,0,X,0,X,Y,0,"(1) Color of objects

The left-to-right transformation on top of the puzzle involves a change in the color of the objects. In the image, the motorcycle on the left is red and black, while the motorcycle on the right is silver and black. This change in color indicates that the transformation is based on the color of the objects.

Step-by-step reasoning:

1. The motorcycle on the left is red and black.
2. The motorcycle on the right is silver and black.
3. The transformation involves a change in the color of the motorcycles.
4. The rule (1) applies to this transformation, as it is based on the color of the objects.</s>","[Skipped mcq#2, incorrect previous response]","(A)

The left-to-right transformation on the bottom of the puzzle that is the same as the left-to-right transformation on the top of the puzzle is the one marked by (A).

Step-by-step reasoning:

1. The left-to-right transformation on the top of the puzzle involves a change in the color of the motorcycles.
2. The left-to-right transformation on the bottom of the puzzle marked by (A) also involves a change in the color of the objects.
3. The transformation on the bottom of the puzzle marked by (A) is the same as the transformation on the top of the puzzle.
4. The rule (1) applies to this transformation, as it is based on the color of the objects.</s>",0,,0
27,0,0,X,0,X,Y,0,"(2) Orientation of objects

The left-to-right transformation on top of the puzzle involves a change in the orientation of the object. In the image, the octopus is shown in different orientations, such as facing up, down, and sideways. This demonstrates that the transformation is based on the orientation of the object rather than its size, color, or number.

Step-by-step reasoning:

1. The image on the left shows the octopus facing up.
2. The image on the right shows the octopus facing down.
3. The transformation involves changing the orientation of the octopus from up to down.

This change in orientation is a characteristic of rule (2) Orientation of objects.</s>","(1) Objects flip upside down

The left-to-right transformation on top of the puzzle involves the object flipping upside down. In the image, the octopus is shown in different orientations, such as facing up, down, and sideways. This demonstrates that the transformation is based on the object flipping upside down, which is a characteristic of rule (1) Objects flip upside down.

Step-by-step reasoning:

1. The image on the left shows the octopus facing up.
2. The image on the right shows the octopus facing down.
3. The transformation involves flipping the octopus upside down.

This change in orientation is a characteristic of rule (1) Objects flip upside down.</s>","(A)

The left-to-right transformation on the bottom of the puzzle marked by (A) is the same as the left-to-right transformation on the top of the puzzle. Both transformations involve the object flipping upside down.

Step-by-step reasoning:

1. The image on the left shows the octopus facing up.
2. The image on the right shows the octopus facing down.
3. The transformation on the bottom marked by (A) involves flipping the octopus upside down.
4. The transformation on the top of the puzzle also involves flipping the octopus upside down.

This change in orientation is a characteristic of rule (1) Objects flip upside down.</s>",1,1.0,0
27,1,0,X,0,X,Y,0,"(1) Color of objects

The left-to-right transformation on top of the puzzle involves a change in the color of the objects. In the image, the top left object is orange, and it transforms into the top right object, which is also orange. This change in color indicates that the rule (1) applies to the transformation.

Step-by-step reasoning:

1. The top left object is orange.
2. The top right object is also orange.
3. The transformation involves a change in color, which is the rule (1) for the left-to-right transformation on top of the puzzle.</s>","[Skipped mcq#2, incorrect previous response]","(A)

The left-to-right transformation on the bottom of the puzzle marked by (A) is the same as the left-to-right transformation on the top of the puzzle. The transformation involves a change in color, which is the rule (1) for the left-to-right transformation on top of the puzzle.

Step-by-step reasoning:

1. The bottom left object is orange.
2. The bottom right object is also orange.
3. The transformation marked by (A) involves a change in color, which is the rule (1) for the left-to-right transformation on top of the puzzle.
4. The transformation marked by (A) is the same as the left-to-right transformation on the top of the puzzle.</s>",0,,0
27,2,0,X,0,X,Y,0,"(2) Orientation of objects

The left-to-right transformation on top of the puzzle involves a change in the orientation of the object. In the image, the octopus is shown in different orientations, such as facing up, down, and sideways. This change in orientation is a characteristic of the transformation on top.

Step-by-step reasoning:

1. The image on the left shows an octopus facing up.
2. The image on the right shows the same octopus facing down.
3. The transformation involves a change in the orientation of the object, which is the octopus in this case.
4. The other two images on the bottom show the same transformation, but with different orientations.

This transformation is consistent with rule (2) Orientation of objects, as it involves a change in the orientation of the object.</s>","(1) Objects flip upside down

The transformation in the top of the puzzle involves objects flipping upside down. In the image, the octopus is shown in different orientations, such as facing up, down, and sideways. The transformation on top involves the octopus flipping upside down, which is a characteristic of rule (1) Objects flip upside down.

Step-by-step reasoning:

1. The image on the left shows an octopus facing up.
2. The image on the right shows the same octopus facing down.
3. The transformation involves the octopus flipping upside down.
4. The other two images on the bottom show the same transformation, but with different orientations.

This transformation is consistent with rule (1) Objects flip upside down, as it involves objects flipping upside down.</s>","(A)

The left-to-right transformation on the bottom of the puzzle marked by (A) is the same as the left-to-right transformation on the top of the puzzle.

Step-by-step reasoning:

1. The image on the left shows an octopus facing up.
2. The image on the right shows the same octopus facing down.
3. The transformation on the bottom marked by (A) involves the octopus flipping upside down.
4. The other two images on the bottom show the same transformation, but with different orientations.

This transformation is consistent with the left-to-right transformation on the top of the puzzle, as it involves the octopus flipping upside down.</s>",1,1.0,0
28,0,0,X,0,X,Y,0,"(2) Number of objects

The left-to-right transformation on top of the puzzle involves a change in the number of objects. In the left picture, there is one object, while in the right picture, there are two objects. This change in the number of objects is the only transformation that occurs in the top row of the puzzle.

Step-by-step reasoning:

1. In the left picture, there is one object.
2. In the right picture, there are two objects.
3. The transformation involves a change in the number of objects, which is rule (2).

The other rules do not apply to this transformation, as there is no change in color, orientation, or size between the left and right pictures.</s>","[Skipped mcq#2, incorrect previous response]","(A)

The left-to-right transformation on the bottom of the puzzle marked by (A) is the same as the left-to-right transformation on the top of the puzzle. Both transformations involve a change in the number of objects.

Step-by-step reasoning:

1. In the left picture, there is one object.
2. In the right picture, there are two objects.
3. The transformation marked by (A) on the bottom also involves a change in the number of objects, which is the same as the transformation on the top.

The other two transformations on the bottom do not involve a change in the number of objects, so they do not match the transformation on the top.</s>",0,,0
28,1,0,X,0,X,Y,0,"(2) Number of objects

The left-to-right transformation on top of the puzzle involves a change in the number of objects. In the left picture, there is one object, while in the right picture, there are two objects. This change in the number of objects is the only transformation that occurs in the top row of the puzzle.

Step-by-step reasoning:

1. In the left picture, there is one object.
2. In the right picture, there are two objects.
3. The transformation involves a change in the number of objects, which is rule (2).

The other rules do not apply to this transformation, as there is no change in orientation, color, or size of the objects.</s>","[Skipped mcq#2, incorrect previous response]","(A)

The left-to-right transformation on the bottom of the puzzle that is the same as the top transformation is the one marked by (A).

Step-by-step reasoning:

1. In the left picture, there is one object.
2. In the right picture, there are two objects.
3. The transformation involves a change in the number of objects, which is the same as the transformation marked by (A) on the bottom.

The other two transformations on the bottom do not involve a change in the number of objects, so they do not match the top transformation.</s>",0,,0
28,2,0,X,0,X,Y,0,"(2) Orientation of objects

The left-to-right transformation on top of the puzzle involves a change in the orientation of the objects. In the image, the house is transformed from a vertical position to a horizontal position. This change in orientation is a clear indication of the transformation rule (2) Orientation of objects.

Step-by-step reasoning:

1. The house is initially in a vertical position.
2. The house is transformed into a horizontal position.
3. The house remains in the horizontal position throughout the puzzle.

This transformation demonstrates that the rule (2) Orientation of objects is applicable to the top part of the puzzle.</s>","(2) Objects flip upside down

The transformation in the top of the puzzle involves objects flipping upside down. In the image, the house is transformed from an upright position to an inverted position. This change in orientation is a clear indication of the transformation rule (2) Objects flip upside down.

Step-by-step reasoning:

1. The house is initially in an upright position.
2. The house is transformed into an inverted position.
3. The house remains in the inverted position throughout the puzzle.

This transformation demonstrates that the rule (2) Objects flip upside down is applicable to the top part of the puzzle.</s>","(D) None of the options apply

There is no left-to-right transformation on the bottom of the puzzle that is the same as the left-to-right transformation on the top of the puzzle. The transformations on the bottom involve changes in size, orientation, or number, but not a flip or a change in orientation.

Step-by-step reasoning:

1. The transformations on the bottom involve changes in size, orientation, or number.
2. The transformation on the top involves a flip and a change in orientation.
3. None of the transformations on the bottom match the transformation on the top.

Therefore, the answer is (D) None of the options apply.</s>",1,1.0,0
29,0,0,X,0,X,Y,0,"(1) Orientation of objects

The left-to-right transformation on top of the puzzle involves a change in the orientation of the object. In the image, the bicycle is shown in two different orientations, one on the left and one on the right. This change in orientation is a characteristic of rule (1) Orientation of objects.

Step-by-step reasoning:

1. The bicycle on the left is oriented in one direction.
2. The bicycle on the right is oriented in the opposite direction.
3. The change in orientation between the left and right bicycles is a characteristic of rule (1) Orientation of objects.</s>","(2) Objects flip sideways

The left-to-right transformation on top of the puzzle involves a change in the orientation of the object. In the image, the bicycle is shown in two different orientations, one on the left and one on the right. This change in orientation is a characteristic of rule (2) Objects flip sideways.

Step-by-step reasoning:

1. The bicycle on the left is oriented in one direction.
2. The bicycle on the right is oriented in the opposite direction.
3. The change in orientation between the left and right bicycles is a characteristic of rule (2) Objects flip sideways.</s>","(A)

The left-to-right transformation on the bottom of the puzzle that is the same as the left-to-right transformation on the top of the puzzle is the one marked by (A).

Step-by-step reasoning:

1. The bicycle on the left is oriented in one direction.
2. The bicycle on the right is oriented in the opposite direction.
3. The change in orientation between the left and right bicycles is a characteristic of rule (1) Orientation of objects.
4. The transformation on the bottom marked by (A) also involves a change in orientation, making it the same as the transformation on the top.</s>",1,0.0,0
29,1,0,X,0,X,Y,0,"(2) Color of objects

Step-by-step reasoning:

1. The left-to-right transformation on top of the puzzle involves a change in the color of the objects. In the left picture, the bicycle is red, while in the right picture, the bicycle is black. This change in color indicates that the transformation is related to the color of the objects.

2. The three left-to-right transformations of the different object on the bottom are marked by (A) or (B) or (C). These transformations could involve changes in size, orientation, or number of objects. However, the focus of the puzzle is on the top transformation, which is related to the color of the objects.

3. The other rules (1) Size of objects, (3) Orientation of objects, and (4) No change between pictures do not apply to the given puzzle. The transformation on top is related to the color of the objects, and the transformations on the bottom could involve changes in size, orientation, or number of objects.</s>","[Skipped mcq#2, incorrect previous response]","(D) None of the options apply

Step-by-step reasoning:

1. The left-to-right transformation on top of the puzzle involves a change in the color of the objects. In the left picture, the bicycle is red, while in the right picture, the bicycle is black. This change in color indicates that the transformation is related to the color of the objects.

2. The three left-to-right transformations of the different object on the bottom are marked by (A), (B), or (C). These transformations could involve changes in size, orientation, or number of objects. However, the focus of the puzzle is on the top transformation, which is related to the color of the objects.

3. None of the three transformations on the bottom (marked by (A), (B), or (C)) is the same as the left-to-right transformation on the top of the puzzle. The transformations on the bottom could involve changes in size, orientation, or number of objects, but they do not involve a change in color like the top transformation.

4. Therefore, the correct answer is (D) None of the options apply.</s>",0,,0
29,2,0,X,0,X,Y,0,"(2) Orientation of objects

The left-to-right transformation on top of the puzzle involves a change in the orientation of the object. In the image, the bicycle is shown in two different orientations, one on the left and one on the right. This change in orientation is a characteristic of the transformation rule (2) Orientation of objects.

Step-by-step reasoning:

1. The bicycle on the left is oriented in one direction.
2. The bicycle on the right is oriented in the opposite direction.
3. The transformation rule (2) Orientation of objects applies to this scenario, as the orientation of the bicycle has changed from left to right.

The transformations on the bottom of the puzzle involve changes in size, orientation, and number of objects, which are not covered by the rule (2) Orientation of objects.</s>","(2) Objects flip upside down

The transformation in the top of the puzzle involves the bicycle flipping upside down. In the image, the bicycle on the left is upside down, while the bicycle on the right is right-side up. This change in orientation is a characteristic of the transformation rule (2) Objects flip upside down.

Step-by-step reasoning:

1. The bicycle on the left is upside down.
2. The bicycle on the right is right-side up.
3. The transformation rule (2) Objects flip upside down applies to this scenario, as the bicycle has flipped from upside down to right-side up.

The transformations on the bottom of the puzzle involve changes in size, orientation, and number of objects, which are not covered by the rule (2) Objects flip upside down.</s>","(D) None of the options apply

There is no left-to-right transformation on the bottom of the puzzle that is the same as the left-to-right transformation on the top of the puzzle. The transformations on the bottom involve changes in size, orientation, and number of objects, while the transformation on the top involves a change in orientation.

Step-by-step reasoning:

1. The transformation on the top involves a change in orientation of the bicycle.
2. The transformations on the bottom involve changes in size, orientation, and number of objects.
3. None of the three left-to-right object transformations on the bottom (marked by (A), (B), or (C)) are the same as the left-to-right transformation on the top.
4. The correct answer is (D) None of the options apply, as there is no matching transformation between the top and bottom sections of the puzzle.</s>",1,1.0,0
30,0,0,X,0,X,Y,0,"(1) Color of objects

The left-to-right transformation on top of the puzzle involves a change in the color of the objects. In the left picture, the object is silver, while in the right picture, the object is black. This change in color indicates that the transformation is based on the color of the objects.

Step-by-step reasoning:

1. The left picture shows a silver object.
2. The right picture shows a black object.
3. The transformation involves a change in color from silver to black.
4. The transformation is based on the color of the objects.

Therefore, the correct rule is (1) Color of objects.</s>","[Skipped mcq#2, incorrect previous response]","(A)

The left-to-right transformation on the bottom of the puzzle that is the same as the left-to-right transformation on the top of the puzzle is the one marked by (A).

Step-by-step reasoning:

1. The left picture on the top shows a silver object.
2. The left picture on the bottom shows a silver object.
3. The right picture on the top shows a black object.
4. The right picture on the bottom shows a black object.
5. The transformation on the top involves a change in color from silver to black.
6. The transformation on the bottom also involves a change in color from silver to black.
7. The transformation on the bottom is the same as the transformation on the top.

Therefore, the correct letter is (A).</s>",0,,0
30,1,0,X,0,X,Y,0,"(1) Orientation of objects

The left-to-right transformation on top of the puzzle involves a change in the orientation of the object. In the left picture, the object is positioned horizontally, while in the right picture, it is positioned vertically. This change in orientation is a characteristic of rule (1) Orientation of objects.

Step-by-step reasoning:

1. The left picture shows a horizontal object.
2. The right picture shows the same object, but it is positioned vertically.
3. This change in orientation is a characteristic of rule (1) Orientation of objects.

The transformations on the bottom of the puzzle involve changes in the size, orientation, and number of objects. These transformations do not follow the rules of (2) Size of objects, (3) Number of objects, or (4) No change between pictures. Therefore, the correct answer is (1) Orientation of objects.</s>","(2) Objects flip upside down

The left-to-right transformation on top of the puzzle involves a change in the orientation of the object. In the left picture, the object is positioned horizontally, while in the right picture, it is positioned vertically. This change in orientation is a characteristic of rule (2) Objects flip upside down.

Step-by-step reasoning:

1. The left picture shows a horizontal object.
2. The right picture shows the same object, but it is positioned vertically.
3. This change in orientation is a characteristic of rule (2) Objects flip upside down.

The transformations on the bottom of the puzzle involve changes in the size, orientation, and number of objects. These transformations do not follow the rules of (1) Objects flip sideways, (3) No change between pictures, or (4) Doesn't apply. Therefore, the correct answer is (2) Objects flip upside down.</s>","(A)

The left-to-right transformation on the bottom of the puzzle marked by (A) is the same as the left-to-right transformation on the top of the puzzle. Both transformations involve a change in the orientation of the object.

Step-by-step reasoning:

1. The left picture shows a horizontal object.
2. The right picture shows the same object, but it is positioned vertically.
3. This change in orientation is a characteristic of both the top and bottom transformations marked by (A).

The transformations marked by (B) and (C) involve changes in the size, orientation, and number of objects, which do not follow the same transformation as the top and bottom transformations marked by (A). Therefore, the correct answer is (A).</s>",1,1.0,0
30,2,0,X,0,X,Y,0,"(2) Color of objects

Step-by-step reasoning:

1. The left-to-right transformation on top involves a change in the color of the object. In the left picture, the object is yellow, while in the right picture, the object is silver.
2. The three left-to-right transformations on the bottom involve a change in the color of the object. In the left picture, the object is yellow, while in the right picture, the object is green.</s>","[Skipped mcq#2, incorrect previous response]","(C)

Step-by-step reasoning:

1. The left-to-right transformation on top involves a change in the color of the object. In the left picture, the object is yellow, while in the right picture, the object is silver.
2. The three left-to-right transformations on the bottom involve a change in the color of the object. In the left picture, the object is yellow, while in the right picture, the object is green.
3. The transformation on the bottom marked with (C) is the same as the transformation on the top. In both cases, the object's color changes from yellow to green.</s>",0,,1
31,0,0,X,0,X,Y,0,"(2) Orientation of objects

The left-to-right transformation on top of the puzzle involves a change in the orientation of the object. In the left picture, the object is facing upwards, while in the right picture, the object is facing downwards. This change in orientation is a characteristic of the transformation in the top row of the puzzle.

Step-by-step reasoning:

1. The left picture shows an object facing upwards.
2. The right picture shows the same object facing downwards.
3. The transformation between the left and right pictures involves a change in the orientation of the object.
4. This change in orientation is a characteristic of the transformation in the top row of the puzzle.

Therefore, the correct rule is (2) Orientation of objects.</s>","(2) Objects flip upside down

The transformation in the top row of the puzzle involves objects flipping upside down. In the left picture, the object is facing upwards, while in the right picture, the object is facing downwards. This change in orientation is a characteristic of the transformation in the top row of the puzzle.

Step-by-step reasoning:

1. The left picture shows an object facing upwards.
2. The right picture shows the same object facing downwards.
3. The transformation between the left and right pictures involves objects flipping upside down.
4. This change in orientation is a characteristic of the transformation in the top row of the puzzle.

Therefore, the correct rule is (2) Objects flip upside down.</s>","(B)

The left-to-right transformation on the bottom of the puzzle marked by (B) is the same as the left-to-right transformation on the top of the puzzle. Both transformations involve objects flipping upside down.

Step-by-step reasoning:

1. The left picture on the bottom shows an object facing upwards.
2. The right picture on the bottom shows the same object facing downwards.
3. The transformation between the left and right pictures on the bottom is the same as the transformation between the left and right pictures on the top.
4. Both transformations involve objects flipping upside down.

Therefore, the correct letter is (B).</s>",1,1.0,0
31,1,0,X,0,X,Y,0,"(2) Orientation of objects

The left-to-right transformation on top of the puzzle involves a change in the orientation of the objects. In the left picture, the rabbit is sitting on top of the cup, while in the right picture, the rabbit is standing on top of the cup. This change in orientation is a transformation that occurs between the two pictures.

Step-by-step reasoning:

1. In the left picture, the rabbit is sitting on top of the cup.
2. In the right picture, the rabbit is standing on top of the cup.
3. The rabbit's position has changed from sitting to standing, which is a transformation in orientation.
4. The cup remains the same in both pictures, but the rabbit's orientation has changed, which is the transformation described by rule (2).</s>","(3) No change between pictures

The transformation in the top of the puzzle involves no change between the pictures. In the left picture, the rabbit is sitting on top of the cup, and in the right picture, the rabbit is still sitting on top of the cup. There is no flipping or rotation of the objects, which is described by rule (3).

Step-by-step reasoning:

1. In the left picture, the rabbit is sitting on top of the cup.
2. In the right picture, the rabbit is still sitting on top of the cup.
3. The rabbit's position and orientation remain the same in both pictures, which is a transformation described by rule (3).
4. The cup remains the same in both pictures, but there is no flipping or rotation of the objects, which is the transformation described by rule (3).</s>","(C)

The left-to-right transformation on the bottom of the puzzle that is the same as the left-to-right transformation on the top of the puzzle is the one marked by (C). In the left picture, the rabbit is sitting on top of the cup, and in the right picture, the rabbit is still sitting on top of the cup. There is no flipping or rotation of the objects, which is the same as the transformation on the top of the puzzle.

Step-by-step reasoning:

1. In the left picture, the rabbit is sitting on top of the cup.
2. In the right picture, the rabbit is still sitting on top of the cup.
3. The rabbit's position and orientation remain the same in both pictures, which is the same as the transformation on the top of the puzzle.
4. The cup remains the same in both pictures, but there is no flipping or rotation of the objects, which is the same as the transformation on the top of the puzzle.</s>",1,0.0,1
31,2,0,X,0,X,Y,0,"(2) Orientation of objects

The left-to-right transformation on top of the puzzle involves a change in the orientation of the object. In the left picture, the object is facing upwards, while in the right picture, the object is facing downwards. This change in orientation is a characteristic of the transformation in the top row of the puzzle.

Step-by-step reasoning:

1. The left picture shows an object facing upwards.
2. The right picture shows the same object facing downwards.
3. The transformation between the left and right pictures involves a change in the orientation of the object.
4. This change in orientation is a characteristic of the transformation in the top row of the puzzle.

Therefore, the correct rule is (2) Orientation of objects.</s>","(2) Objects flip upside down

The transformation in the top row of the puzzle involves objects flipping upside down. In the left picture, the object is facing upwards, while in the right picture, the object is facing downwards. This change in orientation is a characteristic of the transformation in the top row of the puzzle.

Step-by-step reasoning:

1. The left picture shows an object facing upwards.
2. The right picture shows the same object facing downwards.
3. The transformation between the left and right pictures involves objects flipping upside down.
4. This change in orientation is a characteristic of the transformation in the top row of the puzzle.

Therefore, the correct rule is (2) Objects flip upside down.</s>","(B)

The left-to-right transformation on the bottom of the puzzle marked by (B) is the same as the left-to-right transformation on the top of the puzzle. Both transformations involve objects flipping upside down.

Step-by-step reasoning:

1. The left picture on the bottom shows an object facing upwards.
2. The right picture on the bottom shows the same object facing downwards.
3. The transformation between the left and right pictures on the bottom is the same as the transformation between the left and right pictures on the top.
4. Both transformations involve objects flipping upside down.

Therefore, the correct letter is (B).</s>",1,1.0,0
32,0,0,X,0,X,Y,0,"(2) Number of objects

The left-to-right transformation on top of the puzzle involves a change in the number of objects. In the left picture, there is one object, while in the right picture, there are two objects. This change in the number of objects is the only transformation that occurs in the top row of the puzzle.

Step-by-step reasoning:

1. In the left picture, there is one object, which is a rooster.
2. In the right picture, there are two objects, one of which is a rooster, and the other is a cat.
3. The transformation involves the addition of a cat to the scene, which changes the number of objects from one to two.
4. The other transformations in the top row do not involve changes in the number of objects, so the correct rule is (2) Number of objects.</s>","[Skipped mcq#2, incorrect previous response]","(A)

The left-to-right transformation on the bottom of the puzzle that is the same as the one on the top is the transformation marked by (A).

Step-by-step reasoning:

1. In the left picture, there is one object, which is a rooster.
2. In the right picture, there are two objects, one of which is a rooster, and the other is a cat.
3. The transformation marked by (A) involves the addition of a cat to the scene, which changes the number of objects from one to two.
4. This transformation is the same as the one on the top, which also involves the addition of a cat to the scene.
5. The other transformations on the bottom do not involve the addition of a cat, so the correct letter is (A).</s>",0,,1
32,1,0,X,0,X,Y,0,"(2) Orientation of objects

The left-to-right transformation on top of the puzzle involves a change in the orientation of the object. In the left picture, the object is facing one direction, and in the right picture, it is facing the opposite direction. This change in orientation is a characteristic of the transformation rule (2) Orientation of objects.

Step-by-step reasoning:

1. The left picture shows an object facing one direction.
2. The right picture shows the same object facing the opposite direction.
3. This change in orientation is a characteristic of the transformation rule (2) Orientation of objects.

The transformations on the bottom of the puzzle involve changes in size, orientation, and color, which are not covered by the rule (2) Orientation of objects.</s>","(2) Objects flip upside down

The left-to-right transformation on top of the puzzle involves a change in the orientation of the object. In the left picture, the object is facing one direction, and in the right picture, it is facing the opposite direction. This change in orientation is a characteristic of the transformation rule (2) Objects flip upside down.

Step-by-step reasoning:

1. The left picture shows an object facing one direction.
2. The right picture shows the same object facing the opposite direction.
3. This change in orientation is a characteristic of the transformation rule (2) Objects flip upside down.

The transformations on the bottom of the puzzle involve changes in size, orientation, and color, which are not covered by the rule (2) Objects flip upside down.</s>","(A)

The left-to-right transformation on the bottom of the puzzle marked by (A) is the same as the left-to-right transformation on the top of the puzzle. Both transformations involve a change in the orientation of the object.

Step-by-step reasoning:

1. The left picture shows an object facing one direction.
2. The right picture shows the same object facing the opposite direction.
3. This change in orientation is a characteristic of the transformation rule (2) Objects flip upside down.

The transformations marked by (B) and (C) on the bottom of the puzzle involve changes in size, orientation, and color, which are not covered by the rule (2) Objects flip upside down.</s>",1,1.0,0
32,2,0,X,0,X,Y,0,"(1) Orientation of objects

The left-to-right transformation on top of the puzzle involves a change in the orientation of the object. In the left picture, the object is facing one direction, while in the right picture, the object is facing the opposite direction. This change in orientation is a characteristic of rule (1) Orientation of objects.

Step-by-step reasoning:

1. In the left picture, the object is facing one direction.
2. In the right picture, the object is facing the opposite direction.
3. This change in orientation is a characteristic of rule (1) Orientation of objects.</s>","(2) Objects flip sideways

The left-to-right transformation on top of the puzzle involves a change in the orientation of the object. In the left picture, the object is facing one direction, while in the right picture, the object is facing the opposite direction. This change in orientation is a characteristic of rule (2) Objects flip sideways.

Step-by-step reasoning:

1. In the left picture, the object is facing one direction.
2. In the right picture, the object is facing the opposite direction.
3. This change in orientation is a characteristic of rule (2) Objects flip sideways.</s>","(A)

The left-to-right transformation on the bottom of the puzzle marked by (A) is the same as the left-to-right transformation on the top of the puzzle. Both transformations involve a change in the orientation of the object.

Step-by-step reasoning:

1. In the left picture, the object is facing one direction.
2. In the right picture, the object is facing the opposite direction.
3. This change in orientation is a characteristic of both the top and bottom transformations marked by (A).</s>",1,0.0,0
33,0,0,X,0,X,Y,0,"(2) Orientation of objects

The left-to-right transformation on top of the puzzle involves a change in the orientation of the objects. In the left picture, the objects are positioned in one way, and in the right picture, they are positioned differently. This change in orientation is a characteristic of the transformation rule (2) Orientation of objects.

Step-by-step reasoning:

1. In the left picture, the objects are positioned in a certain way.
2. In the right picture, the objects are positioned differently, indicating a change in orientation.
3. This change in orientation is a characteristic of the transformation rule (2) Orientation of objects.</s>","(2) Objects flip upside down

The transformation in the top of the puzzle involves objects flipping upside down. In the left picture, the objects are positioned in one way, and in the right picture, they are positioned upside down. This change in orientation is a characteristic of the transformation rule (2) Objects flip upside down.

Step-by-step reasoning:

1. In the left picture, the objects are positioned in a certain way.
2. In the right picture, the objects are positioned upside down, indicating a flip.
3. This flip is a characteristic of the transformation rule (2) Objects flip upside down.</s>","(A)

The left-to-right transformation on the bottom of the puzzle marked by (A) is the same as the left-to-right transformation on the top of the puzzle. Both transformations involve objects flipping upside down.

Step-by-step reasoning:

1. In the left picture, the objects are positioned in a certain way.
2. In the right picture, the objects are positioned upside down, indicating a flip.
3. This flip is a characteristic of both the top and bottom transformations.
4. The transformation marked by (A) on the bottom of the puzzle is the same as the transformation on the top.</s>",1,1.0,0
33,1,0,X,0,X,Y,0,"(3) Orientation of objects

The left-to-right transformation on top of the puzzle involves a change in the orientation of the objects. In the left picture, the objects are positioned in one way, and in the right picture, they are positioned differently. This change in orientation is a characteristic of the transformation.

Step-by-step reasoning:

1. In the left picture, the objects are positioned in a certain way.
2. In the right picture, the objects are positioned differently.
3. The change in orientation of the objects is a characteristic of the transformation.
4. This change in orientation is a part of rule (3) Orientation of objects.

Therefore, the correct rule is (3) Orientation of objects.</s>","(2) Objects flip upside down

The left-to-right transformation on top of the puzzle involves objects flipping upside down. In the left picture, the objects are positioned in one way, and in the right picture, they are positioned upside down. This flipping of the objects is a characteristic of the transformation.

Step-by-step reasoning:

1. In the left picture, the objects are positioned in a certain way.
2. In the right picture, the objects are positioned upside down.
3. The flipping of the objects is a characteristic of the transformation.
4. This flipping of the objects is a part of rule (2) Objects flip upside down.

Therefore, the correct rule is (2) Objects flip upside down.</s>","(C)

The left-to-right transformation on the bottom of the puzzle marked by (C) is the same as the left-to-right transformation on the top of the puzzle. In the left picture, the objects are positioned in one way, and in the right picture, they are positioned differently. This change in orientation is a characteristic of the transformation.

Step-by-step reasoning:

1. In the left picture, the objects are positioned in a certain way.
2. In the right picture, the objects are positioned differently.
3. The change in orientation of the objects is a characteristic of the transformation.
4. This change in orientation is a part of rule (3) Orientation of objects.

Therefore, the correct letter is (C).</s>",1,1.0,1
33,2,0,X,0,X,Y,0,"(2) Orientation of objects

The left-to-right transformation on top of the puzzle involves a change in the orientation of the objects. In the left picture, the objects are positioned in one way, and in the right picture, they are positioned differently. This change in orientation is a characteristic of the transformation rule (2) Orientation of objects.

Step-by-step reasoning:

1. In the left picture, the objects are positioned in a certain way.
2. In the right picture, the objects are positioned differently, indicating a change in orientation.
3. This change in orientation is a characteristic of the transformation rule (2) Orientation of objects.</s>","(2) Objects flip upside down

The transformation in the top of the puzzle involves objects flipping upside down. In the left picture, the objects are positioned in one way, and in the right picture, they are positioned upside down. This change in orientation is a characteristic of the transformation rule (2) Objects flip upside down.

Step-by-step reasoning:

1. In the left picture, the objects are positioned in a certain way.
2. In the right picture, the objects are positioned upside down, indicating a flip.
3. This flip is a characteristic of the transformation rule (2) Objects flip upside down.</s>","(A)

The left-to-right transformation on the bottom of the puzzle marked by (A) is the same as the left-to-right transformation on the top of the puzzle. Both transformations involve objects flipping upside down.

Step-by-step reasoning:

1. In the left picture, the objects are positioned in a certain way.
2. In the right picture, the objects are positioned upside down, indicating a flip.
3. This flip is a characteristic of both the top and bottom transformations.
4. The transformation marked by (A) on the bottom of the puzzle is the same as the transformation on the top.</s>",1,1.0,0
34,0,0,X,0,X,Y,0,"(2) Orientation of objects

The left-to-right transformation on top of the puzzle involves a change in the orientation of the object. In the left picture, the clock is hanging vertically, while in the right picture, it is hanging horizontally. This change in orientation is a transformation of the object, making it different from the other transformations involving size, color, or number.</s>","(2) Objects flip upside down

The transformation in the top of the puzzle involves the cactus flipping upside down. In the left picture, the cactus is upright, while in the right picture, it is upside down. This change in orientation is a transformation of the object, making it different from the other transformations involving size, color, or number.</s>","(A)

The left-to-right transformation on the bottom of the puzzle marked by (A) is the same as the left-to-right transformation on the top of the puzzle. In both cases, the object is flipped upside down. This change in orientation is a transformation of the object, making it different from the other transformations involving size, color, or number.</s>",1,1.0,0
34,1,0,X,0,X,Y,0,"(2) Orientation of objects

The left-to-right transformation on top of the puzzle involves a change in the orientation of the object. In the left picture, the cactus is upright, while in the right picture, the cactus is upside down. This change in orientation is a characteristic of the transformation on top.

Step-by-step reasoning:

1. The left picture shows a cactus standing upright.
2. The right picture shows the same cactus, but it is upside down.
3. The transformation on top involves a change in the orientation of the cactus, which is a characteristic of rule (2) Orientation of objects.</s>","(2) Objects flip upside down

The transformation in the top of the puzzle involves objects flipping upside down. In the left picture, the cactus is upright, while in the right picture, the cactus is upside down. This change in orientation is a characteristic of the transformation on top.

Step-by-step reasoning:

1. The left picture shows a cactus standing upright.
2. The right picture shows the same cactus, but it is upside down.
3. The transformation on top involves objects flipping upside down, which is a characteristic of rule (2) Objects flip upside down.</s>","(C)

The left-to-right transformation on the bottom of the puzzle marked by (C) is the same as the left-to-right transformation on the top of the puzzle. Both transformations involve objects flipping upside down.

Step-by-step reasoning:

1. The left picture on the bottom shows a cactus standing upright.
2. The right picture on the bottom shows the same cactus, but it is upside down.
3. The transformation on the bottom marked by (C) involves objects flipping upside down, which is the same as the transformation on the top.

Note: The other two transformations (A) and (B) do not involve objects flipping upside down, so they do not match the transformation on the top.</s>",1,1.0,0
34,2,0,X,0,X,Y,0,"(2) Orientation of objects

The left-to-right transformation on top of the puzzle involves a change in the orientation of the objects. In the left picture, the clock is facing upwards, while in the right picture, it is facing downwards. This change in orientation is a characteristic of the transformation on top.

Step-by-step reasoning:

1. The left picture features a clock facing upwards.
2. The right picture features the same clock, but it is facing downwards.
3. The transformation on top involves a change in the orientation of the clock, which is a characteristic of rule (2) Orientation of objects.</s>","(2) Objects flip upside down

The transformation in the top of the puzzle involves objects flipping upside down. In the left picture, the clock is facing upwards, while in the right picture, it is facing downwards. This change in orientation is a characteristic of the transformation on top.

Step-by-step reasoning:

1. The left picture features a clock facing upwards.
2. The right picture features the same clock, but it is facing downwards.
3. The transformation on top involves objects flipping upside down, which is a characteristic of rule (2) Objects flip upside down.</s>","(A)

The left-to-right transformation on the bottom of the puzzle marked by (A) is the same as the left-to-right transformation on the top of the puzzle. Both transformations involve objects flipping upside down.

Step-by-step reasoning:

1. The left picture on the bottom features a clock facing upwards.
2. The right picture on the bottom features the same clock, but it is facing downwards.
3. The transformation on the bottom marked by (A) involves objects flipping upside down, which is the same as the transformation on the top.</s>",1,1.0,1
35,0,0,X,0,X,Y,0,"(2) Orientation of objects

The left-to-right transformation on top of the puzzle involves a change in the orientation of the object. In the left picture, the shark is facing left, while in the right picture, the shark is facing right. This change in orientation is a characteristic of the transformation on top.

Step-by-step reasoning:

1. The left picture shows a shark facing left.
2. The right picture shows the same shark, but it is facing right.
3. The transformation involves a change in the orientation of the shark, which is a characteristic of rule (2) Orientation of objects.</s>","(3) No change between pictures

The transformation in the top of the puzzle involves no change between the pictures. The left picture shows a shark with its mouth open, and the right picture also shows the same shark with its mouth open. There is no flipping or rotation involved in this transformation.

Step-by-step reasoning:

1. The left picture shows a shark with its mouth open.
2. The right picture shows the same shark with its mouth open.
3. The transformation involves no change between the pictures, which is a characteristic of rule (3) No change between pictures.</s>","(C)

The left-to-right transformation on the bottom of the puzzle marked by (C) is the same as the left-to-right transformation on the top of the puzzle. Both transformations involve a change in the orientation of the object.

Step-by-step reasoning:

1. The left picture on the bottom shows a shark facing left.
2. The right picture on the bottom shows the same shark, but it is facing right.
3. The transformation on the bottom marked by (C) involves a change in the orientation of the shark, which is the same as the transformation on the top of the puzzle.</s>",1,0.0,1
35,1,0,X,0,X,Y,0,"(2) Orientation of objects

The left-to-right transformation on top of the puzzle involves a change in the orientation of the object. In the left picture, the object is facing upwards, while in the right picture, it is facing downwards. This change in orientation is a characteristic of the transformation in the top row.

Step-by-step reasoning:

1. The left picture shows an object facing upwards.
2. The right picture shows the same object facing downwards.
3. The transformation involves a change in the orientation of the object.
4. The transformation does not involve changes in size, number, or color.

Therefore, the correct rule is (2) Orientation of objects.</s>","(2) Objects flip upside down

The left-to-right transformation on top of the puzzle involves objects flipping upside down. In the left picture, the object is facing upwards, while in the right picture, it is facing downwards. This change in orientation is a characteristic of the transformation in the top row.

Step-by-step reasoning:

1. The left picture shows an object facing upwards.
2. The right picture shows the same object facing downwards.
3. The transformation involves objects flipping upside down.
4. The transformation does not involve changes in size, number, or color.

Therefore, the correct rule is (2) Objects flip upside down.</s>","(B)

The left-to-right transformation on the bottom of the puzzle marked by (B) is the same as the left-to-right transformation on the top of the puzzle. Both transformations involve objects flipping upside down.

Step-by-step reasoning:

1. The left picture of the bottom row shows an object facing upwards.
2. The right picture of the bottom row shows the same object facing downwards.
3. The transformation marked by (B) involves objects flipping upside down.
4. The transformation marked by (B) is the same as the transformation on the top row.

Therefore, the correct answer is (B).</s>",1,1.0,0
35,2,0,X,0,X,Y,0,"(2) Orientation of objects

The left-to-right transformation on top of the puzzle involves a change in the orientation of the object. In the left picture, the shark is facing left, while in the right picture, the shark is facing right. This change in orientation is a characteristic of the transformation in the top row.

Step-by-step reasoning:

1. The left picture shows a shark facing left.
2. The right picture shows the same shark, but it is facing right.
3. The transformation involves a change in the orientation of the shark, which is a characteristic of rule (2) Orientation of objects.</s>","(3) No change between pictures

The transformation in the top row does not involve any changes in the objects. The left picture shows a shark facing left, and the right picture shows the same shark facing left. There is no flipping, rotation, or change in orientation. This lack of change is a characteristic of rule (3) No change between pictures.

Step-by-step reasoning:

1. The left picture shows a shark facing left.
2. The right picture shows the same shark, but it is facing left.
3. The transformation does not involve any changes in the objects, which is a characteristic of rule (3) No change between pictures.</s>","(C)

The left-to-right transformation on the bottom of the puzzle marked by (C) is the same as the left-to-right transformation on the top of the puzzle. Both transformations involve a change in the orientation of the object.

Step-by-step reasoning:

1. The left picture of the bottom row shows a shark facing left.
2. The right picture of the bottom row shows the same shark, but it is facing right.
3. The transformation in the bottom row marked by (C) involves a change in the orientation of the shark, which is the same as the transformation in the top row.</s>",1,0.0,0
36,0,0,X,0,X,Y,0,"(2) Orientation of objects

The left-to-right transformation on top of the puzzle involves a change in the orientation of the objects. In the left picture, the objects are positioned in a way that they are facing left, while in the right picture, they are facing right. This change in orientation is a characteristic of the transformation.

Step-by-step reasoning:

1. In the left picture, the objects are facing left.
2. In the right picture, the objects are facing right.
3. The transformation involves a change in the orientation of the objects, which is captured in the image.

The other rules do not apply to this transformation, as there is no change in the number of objects, color of objects, or no change between pictures.</s>","(3) No change between pictures

The transformation in the top of the puzzle involves no change between the pictures. The objects in the left picture are the same as the objects in the right picture, but they are positioned differently. This indicates that there is no change in the objects themselves, only their arrangement.

Step-by-step reasoning:

1. In the left picture, the objects are positioned in a certain way.
2. In the right picture, the objects are positioned differently.
3. The transformation involves no change in the objects themselves, only their arrangement.

The other rules do not apply to this transformation, as there is no flipping of the objects upside down or sideways, and there is no change in the orientation of the objects.</s>","(C)

The left-to-right transformation on the bottom of the puzzle marked by (C) is the same as the left-to-right transformation on the top of the puzzle. Both transformations involve a change in the arrangement of the objects, but no change in the objects themselves.

Step-by-step reasoning:

1. In the left picture, the objects are positioned in a certain way.
2. In the right picture, the objects are positioned differently.
3. The transformation on the bottom marked by (C) involves a change in the arrangement of the objects, but no change in the objects themselves.
4. The transformation on the top of the puzzle also involves a change in the arrangement of the objects, but no change in the objects themselves.

The other transformations (marked by (A) and (B)) do not match the transformation on the top of the puzzle, as they involve changes in the orientation, size, or color of the objects.</s>",1,0.0,0
36,1,0,X,0,X,Y,0,"(2) Size of objects

The left-to-right transformation on top of the puzzle involves a change in the size of the objects. In the image, the pizza on the left is smaller than the pizza on the right. This change in size is consistent with the rule (2) Size of objects.

Step-by-step reasoning:

1. The left pizza is smaller than the right pizza.
2. The left pizza is cut into smaller pieces, while the right pizza is not.
3. The left pizza is placed on a smaller plate, while the right pizza is placed on a larger plate.

These transformations show a change in size between the left and right images, which aligns with rule (2) Size of objects.</s>","[Skipped mcq#2, incorrect previous response]","(A)

The left-to-right transformation on the bottom of the puzzle that is the same as the left-to-right transformation on the top of the puzzle is the one marked by (A).

Step-by-step reasoning:

1. The left pizza is smaller than the right pizza.
2. The left pizza is cut into smaller pieces, while the right pizza is not.
3. The left pizza is placed on a smaller plate, while the right pizza is placed on a larger plate.

These transformations show a change in size between the left and right images, which aligns with the rule (2) Size of objects. The transformations on the bottom of the puzzle (marked by (A)) also involve a change in size, making them the same as the transformation on the top of the puzzle.</s>",0,,0
36,2,0,X,0,X,Y,0,"(2) Number of objects

The left-to-right transformation on top of the puzzle involves a change in the number of objects. In the left picture, there are two objects, while in the right picture, there are three objects. This change in the number of objects is the only transformation that occurs in the top row of the puzzle.

Step-by-step reasoning:

1. In the left picture, there are two objects.
2. In the right picture, there are three objects.
3. The transformation involves adding one object to the scene, resulting in a change in the number of objects.

The other rules do not apply to this transformation, as there is no change in orientation, color, or size of the objects.</s>","[Skipped mcq#2, incorrect previous response]","(D) None of the options apply

There is no left-to-right transformation on the bottom of the puzzle that is the same as the left-to-right transformation on the top of the puzzle. Each of the three transformations on the bottom involves a change in orientation, size, or color of the objects, but not a change in the number of objects.

Step-by-step reasoning:

1. Transformation (A) involves a change in orientation of the objects.
2. Transformation (B) involves a change in size of the objects.
3. Transformation (C) involves a change in color of the objects.

None of these transformations is the same as the left-to-right transformation on the top of the puzzle, which involves a change in the number of objects.</s>",0,,0
37,0,0,X,0,X,Y,0,"(2) Size of objects

The left-to-right transformation on top of the puzzle involves a change in the size of the objects. In the left picture, there is a small object, while in the right picture, there is a larger object. This change in size is consistent with the rule (2) Size of objects.

Step-by-step reasoning:

1. The left picture features a small object, while the right picture features a larger object.
2. The transformation involves a change in the size of the objects, which is consistent with rule (2) Size of objects.
3. The other rules (1) Number of objects, (3) Orientation of objects, and (4) No change between pictures do not apply to this particular transformation.</s>","[Skipped mcq#2, incorrect previous response]","(A)

The left-to-right transformation on the bottom of the puzzle that is the same as the left-to-right transformation on the top of the puzzle is the one marked by (A).

Step-by-step reasoning:

1. The left picture features a small object, while the right picture features a larger object.
2. The transformation on the top of the puzzle involves a change in the size of the objects, which is consistent with the rule (2) Size of objects.
3. The transformations on the bottom of the puzzle are marked by (A), (B), and (C).
4. The transformation marked by (A) also involves a change in the size of the objects, making it the same as the transformation on the top of the puzzle.
5. The other transformations (marked by (B) and (C)) do not involve a change in the size of the objects, so they do not match the transformation on the top of the puzzle.</s>",0,,0
37,1,0,X,0,X,Y,0,"(2) Color of objects

Step-by-step reasoning:

1. The left-to-right transformation on top involves a change in the color of the objects. In the left picture, the objects are red and white, while in the right picture, the objects are red and blue.
2. The three left-to-right transformations on the bottom involve a change in the color of the objects as well. In the left picture, the objects are red and white, while in the right picture, the objects are red and blue.
3. The other rules do not apply, as there is no change in orientation, size, or number of objects between the pictures.</s>","[Skipped mcq#2, incorrect previous response]","(C)

Step-by-step reasoning:

1. The left-to-right transformation on top involves a change in the color of the objects. In the left picture, the objects are red and white, while in the right picture, the objects are red and blue.
2. The three left-to-right transformations on the bottom involve a change in the color of the objects as well. In the left picture, the objects are red and white, while in the right picture, the objects are red and blue.
3. The transformation marked by (C) is the same as the left-to-right transformation on the top of the puzzle.
4. The other two transformations (marked by (A) and (B)) involve changes in the orientation, size, or number of objects, which do not match the transformation on the top.</s>",0,,0
37,2,0,X,0,X,Y,0,"(1) Color of objects

The left-to-right transformation on top of the puzzle involves a change in the color of the objects. In the image, the giraffe is shown in different colors, such as yellow and white, and the number of giraffes also changes. This indicates that the transformation is based on the color and number of the objects, which are the rules (1) and (2) respectively.

Step-by-step reasoning:

1. The left-to-right transformation on top of the puzzle involves a change in the color of the objects.
2. The image shows a giraffe in different colors, such as yellow and white, and the number of giraffes also changes.
3. This indicates that the transformation is based on the color and number of the objects, which are the rules (1) and (2) respectively.</s>","[Skipped mcq#2, incorrect previous response]","(A)

The left-to-right transformation on the bottom of the puzzle marked by (A) is the same as the left-to-right transformation on the top of the puzzle. The transformation involves a change in the color of the objects, which is the rule (1) for the top transformation.

Step-by-step reasoning:

1. The left-to-right transformation on the bottom of the puzzle marked by (A) is the same as the left-to-right transformation on the top of the puzzle.
2. The transformation involves a change in the color of the objects, which is the rule (1) for the top transformation.
3. This indicates that the transformation on the bottom marked by (A) is the same as the transformation on the top.</s>",0,,0
38,0,0,X,0,X,Y,0,"(2) Orientation of objects

The left-to-right transformation on top of the puzzle involves a change in the orientation of the object. In the left picture, the object is facing upwards, while in the right picture, it is facing downwards. This change in orientation is a characteristic of the transformation.

Step-by-step reasoning:

1. The left picture shows an object facing upwards.
2. The right picture shows the same object facing downwards.
3. The transformation involves a change in the orientation of the object.
4. The left-to-right transformation on top of the puzzle is the change in orientation of the object.</s>","(2) Objects flip upside down

The left-to-right transformation on top of the puzzle involves objects flipping upside down. In the left picture, the object is upside down, while in the right picture, it is right side up. This change in orientation is a characteristic of the transformation.

Step-by-step reasoning:

1. The left picture shows an object upside down.
2. The right picture shows the same object right side up.
3. The transformation involves objects flipping upside down.
4. The left-to-right transformation on top of the puzzle is the flipping of objects upside down.</s>","(B)

The left-to-right transformation on the bottom of the puzzle marked by (B) is the same as the left-to-right transformation on the top of the puzzle. Both transformations involve objects flipping upside down.

Step-by-step reasoning:

1. The left picture of the bottom transformation shows an object upside down.
2. The right picture of the bottom transformation shows the same object right side up.
3. The transformation involves objects flipping upside down.
4. The left-to-right transformation on the bottom of the puzzle marked by (B) is the same as the left-to-right transformation on the top of the puzzle.</s>",1,1.0,0
38,1,0,X,0,X,Y,0,"(2) Orientation of objects

The left-to-right transformation on top of the puzzle involves a change in the orientation of the object. In the left picture, the object is facing upwards, while in the right picture, it is facing downwards. This change in orientation is a characteristic of the transformation.

Step-by-step reasoning:

1. The object in the left picture is facing upwards.
2. The object in the right picture is facing downwards.
3. The transformation involves a change in the orientation of the object.
4. The left-to-right transformation on top of the puzzle is the change in orientation of the object.</s>","(1) Objects flip upside down

The left-to-right transformation on top of the puzzle involves objects flipping upside down. In the left picture, the object is upside down, while in the right picture, it is right side up. This change in orientation is a characteristic of the transformation.

Step-by-step reasoning:

1. The object in the left picture is upside down.
2. The object in the right picture is right side up.
3. The transformation involves objects flipping upside down.
4. The left-to-right transformation on top of the puzzle is the flipping of the objects upside down.</s>","(A)

The left-to-right transformation on the bottom of the puzzle marked by (A) is the same as the left-to-right transformation on the top of the puzzle. Both transformations involve objects flipping upside down.

Step-by-step reasoning:

1. The object in the left picture is upside down.
2. The object in the right picture is right side up.
3. The transformation marked by (A) on the bottom of the puzzle involves objects flipping upside down.
4. The left-to-right transformation marked by (A) on the bottom of the puzzle is the same as the left-to-right transformation on the top of the puzzle.</s>",1,1.0,1
38,2,0,X,0,X,Y,0,"(2) Orientation of objects

The left-to-right transformation on top of the puzzle involves a change in the orientation of the object. In the left picture, the object is facing upwards, while in the right picture, it is facing downwards. This change in orientation is a characteristic of the transformation.

Step-by-step reasoning:

1. The object in the left picture is facing upwards.
2. The object in the right picture is facing downwards.
3. The transformation involves a change in the orientation of the object.
4. The left-to-right transformation on top of the puzzle is the change in orientation of the object.</s>","(2) Objects flip upside down

The left-to-right transformation on top of the puzzle involves objects flipping upside down. In the left picture, the object is upside down, while in the right picture, it is right side up. This change in orientation is a characteristic of the transformation.

Step-by-step reasoning:

1. The object in the left picture is upside down.
2. The object in the right picture is right side up.
3. The transformation involves objects flipping upside down.
4. The left-to-right transformation on top of the puzzle is the flipping of objects upside down.</s>","(A)

The left-to-right transformation on the bottom of the puzzle marked by (A) is the same as the left-to-right transformation on the top of the puzzle. Both transformations involve objects flipping upside down.

Step-by-step reasoning:

1. The object in the left picture is upside down.
2. The object in the right picture is right side up.
3. The transformation marked by (A) on the bottom of the puzzle involves objects flipping upside down.
4. The left-to-right transformation marked by (A) on the bottom of the puzzle is the same as the left-to-right transformation on the top of the puzzle.</s>",1,1.0,0
39,0,0,X,0,X,Y,0,"(3) Orientation of objects

The left-to-right transformation on top of the puzzle involves a change in the orientation of the object. In the left picture, the butterfly is facing upwards, while in the right picture, it is facing downwards. This change in orientation is a clear indication of the transformation rule (3) Orientation of objects.

Step-by-step reasoning:

1. The left picture shows a butterfly facing upwards.
2. The right picture shows the same butterfly, but it is facing downwards.
3. The transformation rule (3) Orientation of objects applies to this scenario, as the orientation of the butterfly has changed from upwards to downwards.

The transformations on the bottom of the puzzle involve changes in the size, orientation, and number of objects. These transformations do not follow the rule (3) Orientation of objects, so the correct answer is not (3).</s>","(2) Objects flip upside down

The left-to-right transformation on top of the puzzle involves a change in the orientation of the object. In the left picture, the butterfly is facing upwards, while in the right picture, it is facing downwards. This change in orientation is a clear indication of the transformation rule (2) Objects flip upside down.

Step-by-step reasoning:

1. The left picture shows a butterfly facing upwards.
2. The right picture shows the same butterfly, but it is facing downwards.
3. The transformation rule (2) Objects flip upside down applies to this scenario, as the butterfly has flipped from an upward orientation to a downward orientation.

The transformations on the bottom of the puzzle involve changes in the size, orientation, and number of objects. These transformations do not follow the rule (2) Objects flip upside down, so the correct answer is not (2).</s>","(A)

The left-to-right transformation on the bottom of the puzzle marked by (A) involves a change in the orientation of the object. In the left picture, the butterfly is facing upwards, while in the right picture, it is facing downwards. This change in orientation is the same as the transformation on the top of the puzzle, which also involves a change in the orientation of the butterfly.

Step-by-step reasoning:

1. The left picture shows a butterfly facing upwards.
2. The right picture shows the same butterfly, but it is facing downwards.
3. The transformation marked by (A) on the bottom of the puzzle involves the same change in orientation as the transformation on the top of the puzzle.

The transformations marked by (B) and (C) on the bottom of the puzzle involve changes in the size, orientation, and number of objects, which are different from the transformation on the top of the puzzle. Therefore, the correct answer is (A).</s>",1,1.0,1
39,1,0,X,0,X,Y,0,"(1) Orientation of objects

The left-to-right transformation on top of the puzzle involves a change in the orientation of the object. In the left picture, the butterfly is facing upwards, while in the right picture, it is facing downwards. This change in orientation is a characteristic of the transformation.

Step-by-step reasoning:

1. The left picture shows a butterfly facing upwards.
2. The right picture shows the same butterfly, but it is facing downwards.
3. The transformation involves a change in the orientation of the butterfly, which is a characteristic of rule (1).

The other rules do not apply to this transformation, as there is no change in the number of objects, size of objects, or color of the objects.</s>","(1) Objects flip upside down

The left-to-right transformation on top of the puzzle involves the butterfly flipping upside down. In the left picture, the butterfly is facing upwards, while in the right picture, it is facing downwards. This flip in orientation is a characteristic of the transformation.

Step-by-step reasoning:

1. The left picture shows a butterfly facing upwards.
2. The right picture shows the same butterfly, but it is facing downwards.
3. The transformation involves the butterfly flipping upside down, which is a characteristic of rule (1).

The other rules do not apply to this transformation, as there is no change in the number of objects, size of objects, or color of the objects.</s>","(A)

The left-to-right transformation on the bottom of the puzzle marked by (A) is the same as the left-to-right transformation on the top of the puzzle. Both transformations involve the butterfly flipping upside down.

Step-by-step reasoning:

1. The left picture of the butterfly on the bottom shows it facing upwards.
2. The right picture of the butterfly on the bottom shows it facing downwards.
3. The transformation on the bottom, marked by (A), involves the butterfly flipping upside down, which is the same as the transformation on the top.

The other transformations on the bottom do not involve the same change in orientation as the top transformation.</s>",1,1.0,0
39,2,0,X,0,X,Y,0,"(1) Color of objects

The left-to-right transformation on top of the puzzle involves a change in the color of the object. In the image, the butterfly on the left is orange and black, while the butterfly on the right is yellow and black. This change in color indicates that the transformation is based on the color of the objects.

Step-by-step reasoning:

1. The left butterfly is orange and black.
2. The right butterfly is yellow and black.
3. The transformation involves a change in the color of the butterfly from orange to yellow.
4. The rule (1) states that the transformation is based on the color of the objects.
5. Therefore, the correct rule is (1) Color of objects.</s>","[Skipped mcq#2, incorrect previous response]","(A)

The left-to-right transformation on the bottom of the puzzle that is the same as the left-to-right transformation on the top of the puzzle is the one marked by (A).

Step-by-step reasoning:

1. The left butterfly is orange and black.
2. The right butterfly is yellow and black.
3. The transformation on the bottom marked by (A) involves a change in the color of the object from orange to yellow.
4. The transformation on the top of the puzzle also involves a change in the color of the object from orange to yellow.
5. Therefore, the correct option is (A).</s>",0,,0
40,0,0,X,0,X,Y,0,"(2) Orientation of objects

The left-to-right transformation on top of the puzzle involves a change in the orientation of the object. In the left image, the object is upside down, while in the right image, it is right side up. This change in orientation is a characteristic of the transformation on top.

Step-by-step reasoning:

1. The left image shows an upside-down object.
2. The right image shows the same object, but it is right side up.
3. The transformation involves a change in the orientation of the object.
4. The other transformations on the bottom involve changes in size, number, or color, but not orientation.

Therefore, the correct rule is (2) Orientation of objects.</s>","(1) Objects flip upside down

The transformation in the top of the puzzle involves objects flipping upside down. In the left image, the object is upside down, while in the right image, it is right side up. This change in orientation is a characteristic of the transformation.

Step-by-step reasoning:

1. The left image shows an upside-down object.
2. The right image shows the same object, but it is right side up.
3. The transformation involves flipping the object upside down.
4. The other transformations on the bottom involve changes in size, number, or color, but not orientation.

Therefore, the correct rule is (1) Objects flip upside down.</s>","(A)

The left-to-right transformation on the bottom of the puzzle marked by (A) is the same as the left-to-right transformation on the top of the puzzle. Both transformations involve objects flipping upside down.

Step-by-step reasoning:

1. The left image shows an upside-down object.
2. The right image shows the same object, but it is right side up.
3. The transformation marked by (A) on the bottom involves flipping the object upside down.
4. The other transformations on the bottom involve changes in size, number, or color, but not orientation.

Therefore, the correct letter is (A).</s>",1,1.0,0
40,1,0,X,0,X,Y,0,"(2) Color of objects

The left-to-right transformation on top of the puzzle involves a change in the color of the objects. In the image, the clownfish on the left is orange and white, while the clownfish on the right is orange and black. This change in color indicates that the transformation is based on the color of the objects rather than their size, orientation, or number.

Step-by-step reasoning:

1. The left clownfish is orange and white.
2. The right clownfish is orange and black.
3. The transformation involves a change in the color of the clownfish from orange and white to orange and black.
4. This change in color is consistent with rule (2) which states that the transformation involves a change in the color of the objects.</s>","[Skipped mcq#2, incorrect previous response]","(A)

The left-to-right transformation on the bottom of the puzzle marked by (A) is the same as the left-to-right transformation on the top of the puzzle. The transformation involves a change in the color of the objects, which is consistent with the transformation on the top of the puzzle.

Step-by-step reasoning:

1. The left clownfish is orange and white.
2. The right clownfish is orange and black.
3. The transformation marked by (A) involves a change in the color of the clownfish from orange and white to orange and black.
4. This change in color is consistent with the transformation on the top of the puzzle, which also involves a change in the color of the clownfish.
5. Therefore, the correct answer is (A).</s>",0,,0
40,2,0,X,0,X,Y,0,"(2) Size of objects

The left-to-right transformation on top of the puzzle involves a change in the size of the object. In the image, the clownfish on the left is smaller than the clownfish on the right. This change in size is a characteristic of the transformation.

Step-by-step reasoning:

1. The clownfish on the left is smaller than the clownfish on the right.
2. The clownfish on the left is positioned to the left of the clownfish on the right.
3. The clownfish on the left is transformed into the clownfish on the right through a change in size.

This transformation is consistent with rule (2) as it involves a change in the size of the object.</s>","[Skipped mcq#2, incorrect previous response]","(A)

The left-to-right transformation on the bottom of the puzzle is the same as the left-to-right transformation on the top of the puzzle. Both transformations involve a change in the size of the object.

Step-by-step reasoning:

1. The clownfish on the left is smaller than the clownfish on the right.
2. The clownfish on the left is positioned to the left of the clownfish on the right.
3. The clownfish on the left is transformed into the clownfish on the right through a change in size.

This transformation is consistent with the left-to-right transformation on the bottom of the puzzle marked by (A), as it involves a change in the size of the object.</s>",0,,0
41,0,0,X,0,X,Y,0,"(2) Orientation of objects

The left-to-right transformation on top of the puzzle involves a change in the orientation of the objects. In the left picture, the objects are facing upwards, while in the right picture, they are facing downwards. This change in orientation is a clear indication of the transformation rule (2) Orientation of objects.

Step-by-step reasoning:

1. In the left picture, the objects are facing upwards.
2. In the right picture, the objects are facing downwards.
3. The change in orientation from upwards to downwards is a clear indication of the transformation rule (2) Orientation of objects.</s>","(2) Objects flip upside down

The transformation in the top of the puzzle involves objects flipping upside down. In the left picture, the objects are facing upwards, while in the right picture, they are facing downwards. This change in orientation is a clear indication of the transformation rule (2) Objects flip upside down.

Step-by-step reasoning:

1. In the left picture, the objects are facing upwards.
2. In the right picture, the objects are facing downwards.
3. The change in orientation from upwards to downwards is a clear indication of the transformation rule (2) Objects flip upside down.</s>","(B)

The left-to-right transformation on the bottom of the puzzle marked by (B) is the same as the left-to-right transformation on the top of the puzzle. Both transformations involve objects flipping upside down.

Step-by-step reasoning:

1. In the left picture, the objects are facing upwards.
2. In the right picture, the objects are facing downwards.
3. The change in orientation from upwards to downwards is a clear indication of the transformation rule (2) Objects flip upside down.
4. The same transformation rule applies to both the top and bottom transformations, making (B) the correct answer.</s>",1,1.0,1
41,1,0,X,0,X,Y,0,"(2) Color of objects

The left-to-right transformation on top of the puzzle involves a change in the color of the objects. In the left picture, the objects are red, while in the right picture, they are green. This change in color indicates that the transformation is based on the color of the objects rather than their size, orientation, or number.

Step-by-step reasoning:

1. The left picture shows red objects.
2. The right picture shows green objects.
3. The transformation involves a change in color from red to green.
4. The transformation does not involve changes in size, orientation, or number of objects.
5. The transformation is based on the color of the objects, which is rule (2).</s>","[Skipped mcq#2, incorrect previous response]","(A)

The left-to-right transformation on the bottom of the puzzle marked by (A) is the same as the left-to-right transformation on the top of the puzzle. The transformation involves a change in color from red to green, which is the same as the transformation on the top.

Step-by-step reasoning:

1. The left picture on the bottom shows red objects.
2. The right picture on the bottom shows green objects.
3. The transformation marked by (A) involves a change in color from red to green.
4. The transformation marked by (A) is the same as the transformation on the top of the puzzle.
5. The correct answer is (A).</s>",0,,0
41,2,0,X,0,X,Y,0,"(2) Orientation of objects

The left-to-right transformation on top of the puzzle involves a change in the orientation of the objects. In the left picture, the objects are facing upwards, while in the right picture, they are facing downwards. This change in orientation is a clear indication of the transformation rule (2) Orientation of objects.

Step-by-step reasoning:

1. In the left picture, the objects are facing upwards.
2. In the right picture, the objects are facing downwards.
3. The transformation involves a change in the orientation of the objects, which is rule (2) Orientation of objects.</s>","(1) Objects flip upside down

The transformation in the top of the puzzle involves objects flipping upside down. In the left picture, the objects are facing upwards, while in the right picture, they are facing downwards. This change in orientation is a clear indication of the transformation rule (1) Objects flip upside down.

Step-by-step reasoning:

1. In the left picture, the objects are facing upwards.
2. In the right picture, the objects are facing downwards.
3. The transformation involves objects flipping upside down, which is rule (1).</s>","(A)

The left-to-right transformation on the bottom of the puzzle marked by (A) is the same as the left-to-right transformation on the top of the puzzle. Both transformations involve objects flipping upside down.

Step-by-step reasoning:

1. In the left picture, the objects are facing upwards.
2. In the right picture, the objects are facing downwards.
3. The transformation marked by (A) on the bottom also involves objects flipping upside down, which is the same as the transformation on the top.</s>",1,1.0,0
42,0,0,X,0,X,Y,0,"(2) Color of objects

The left-to-right transformation on top of the puzzle involves a change in the color of the object. In the image, the object on the left is brown, while the object on the right is orange. This change in color indicates that the transformation is related to the color of the objects rather than their size, orientation, or number.

Step-by-step reasoning:

1. The object on the left is brown.
2. The object on the right is orange.
3. The transformation involves a change in color from brown to orange.
4. The transformation is related to the color of the objects, not their size, orientation, or number.

Therefore, the correct rule is (2) Color of objects.</s>","[Skipped mcq#2, incorrect previous response]","(A)

The left-to-right transformation on the bottom of the puzzle marked by (A) is the same as the left-to-right transformation on the top of the puzzle. The transformation involves a change in the color of the object, which is consistent with the transformation on the top.

Step-by-step reasoning:

1. The object on the left is brown.
2. The object on the right is orange.
3. The transformation marked by (A) involves a change in color from brown to orange.
4. The transformation marked by (A) is the same as the transformation on the top of the puzzle.

Therefore, the correct letter is (A).</s>",0,,0
42,1,0,X,0,X,Y,0,"(1) Orientation of objects

The left-to-right transformation on top of the puzzle involves a change in the orientation of the object. In the left picture, the object is facing upwards, while in the right picture, it is facing downwards. This change in orientation is a characteristic of the transformation.

Step-by-step reasoning:

1. The left picture shows an object facing upwards.
2. The right picture shows the same object facing downwards.
3. The transformation involves a change in the orientation of the object.
4. The transformation does not involve changes in size, number, or color.

Therefore, the correct rule is (1) Orientation of objects.</s>","(1) Objects flip upside down

The left-to-right transformation on top of the puzzle involves objects flipping upside down. In the left picture, the object is facing upwards, while in the right picture, it is facing downwards. This change in orientation is a characteristic of the transformation.

Step-by-step reasoning:

1. The left picture shows an object facing upwards.
2. The right picture shows the same object facing downwards.
3. The transformation involves objects flipping upside down.
4. The transformation does not involve changes in size, number, or color.

Therefore, the correct rule is (1) Objects flip upside down.</s>","(A)

The left-to-right transformation on the bottom of the puzzle marked by (A) is the same as the left-to-right transformation on the top of the puzzle. Both transformations involve objects flipping upside down.

Step-by-step reasoning:

1. The left picture of the bottom transformation shows an object facing upwards.
2. The right picture of the bottom transformation shows the same object facing downwards.
3. The transformation on the bottom involves objects flipping upside down, which is the same as the transformation on the top.
4. The other two transformations on the bottom do not involve objects flipping upside down.

Therefore, the correct letter is (A).</s>",1,1.0,1
42,2,0,X,0,X,Y,0,"(1) Orientation of objects

The left-to-right transformation on top of the puzzle involves a change in the orientation of the object. In the left picture, the object is facing upwards, while in the right picture, it is facing downwards. This change in orientation is a characteristic of the transformation.

Step-by-step reasoning:

1. The left picture shows an object facing upwards.
2. The right picture shows the same object facing downwards.
3. The transformation involves a change in the orientation of the object.
4. The transformation does not involve changes in size, color, or number of objects.

Therefore, the correct rule is (1) Orientation of objects.</s>","(1) Objects flip upside down

The left-to-right transformation on top of the puzzle involves objects flipping upside down. In the left picture, the object is facing upwards, while in the right picture, it is facing downwards. This change in orientation is a characteristic of the transformation.

Step-by-step reasoning:

1. The left picture shows an object facing upwards.
2. The right picture shows the same object facing downwards.
3. The transformation involves objects flipping upside down.
4. The transformation does not involve changes in size, color, or number of objects.

Therefore, the correct rule is (1) Objects flip upside down.</s>","(A)

The left-to-right transformation on the bottom of the puzzle marked by (A) is the same as the left-to-right transformation on the top of the puzzle. Both transformations involve objects flipping upside down.

Step-by-step reasoning:

1. The left picture of the bottom transformation shows an object facing upwards.
2. The right picture of the bottom transformation shows the same object facing downwards.
3. The transformation on the bottom marked by (A) involves objects flipping upside down.
4. The transformation on the top of the puzzle also involves objects flipping upside down.

Therefore, the correct letter is (A).</s>",1,1.0,0
43,0,0,X,0,X,Y,0,"(2) Orientation of objects

The left-to-right transformation on top of the puzzle involves a change in the orientation of the object. In the image, the alligator is shown in different orientations, such as standing on its head, lying on its back, and standing on its feet. This demonstrates that the transformation is based on the orientation of the object rather than its size, number, or color.

Step-by-step reasoning:

1. The alligator is shown in a standing position on the left side of the puzzle.
2. In the middle of the puzzle, the alligator is shown lying on its back.
3. On the right side of the puzzle, the alligator is shown standing on its feet.

This sequence of images shows a change in the orientation of the alligator, which is the defining characteristic of the transformation in this puzzle.</s>","(2) Objects flip upside down

The transformation in the top of the puzzle involves the alligator flipping upside down. In the image, the alligator is shown in different positions, such as standing on its head, lying on its back, and standing on its feet. This demonstrates that the transformation is based on the alligator flipping upside down, rather than flipping sideways or not changing between pictures.

Step-by-step reasoning:

1. The alligator is shown in a standing position on the left side of the puzzle.
2. In the middle of the puzzle, the alligator is shown lying on its back.
3. On the right side of the puzzle, the alligator is shown standing on its feet.

This sequence of images shows the alligator flipping upside down, which is the defining characteristic of the transformation in this puzzle.</s>","(A)

The left-to-right transformation on the bottom of the puzzle marked by (A) is the same as the left-to-right transformation on the top of the puzzle. In the image, the alligator is shown in different positions, such as standing on its head, lying on its back, and standing on its feet. This demonstrates that the transformation is based on the alligator flipping upside down, which is the same as the transformation on the top of the puzzle.

Step-by-step reasoning:

1. The alligator is shown in a standing position on the left side of the puzzle.
2. In the middle of the puzzle, the alligator is shown lying on its back.
3. On the right side of the puzzle, the alligator is shown standing on its feet.

This sequence of images shows the alligator flipping upside down, which is the same as the transformation on the top of the puzzle.</s>",1,1.0,1
43,1,0,X,0,X,Y,0,"(1) Orientation of objects

The left-to-right transformation on top of the puzzle involves a change in the orientation of the object. In the image, the alligator is shown in different orientations, such as standing on its head, lying on its back, and standing on its feet. This demonstrates that the transformation is based on the orientation of the object, rather than its size, number, or color.

Step-by-step reasoning:

1. The alligator is shown in a standing position on the left side of the puzzle.
2. In the middle of the puzzle, the alligator is shown lying on its back.
3. On the right side of the puzzle, the alligator is shown standing on its feet.

This sequence of images shows a change in orientation of the alligator, which is consistent with rule (1) Orientation of objects.</s>","(1) Objects flip upside down

The transformation in the top of the puzzle involves the alligator flipping upside down. In the image, the alligator is shown in different positions, such as standing on its head, lying on its back, and standing on its feet. This demonstrates that the transformation is based on the alligator flipping upside down, rather than its size, number, or color.

Step-by-step reasoning:

1. The alligator is shown in a standing position on the left side of the puzzle.
2. In the middle of the puzzle, the alligator is shown lying on its back.
3. On the right side of the puzzle, the alligator is shown standing on its feet.

This sequence of images shows the alligator flipping upside down, which is consistent with rule (1) Objects flip upside down.</s>","(A)

The left-to-right transformation on the bottom of the puzzle marked by (A) is the same as the left-to-right transformation on the top of the puzzle. Both transformations involve the alligator flipping upside down.

Step-by-step reasoning:

1. The alligator is shown in a standing position on the left side of the puzzle.
2. In the middle of the puzzle, the alligator is shown lying on its back.
3. On the right side of the puzzle, the alligator is shown standing on its feet.

This sequence of images shows the alligator flipping upside down, which is consistent with both the left-to-right transformation on the top of the puzzle and the left-to-right transformation on the bottom of the puzzle marked by (A).</s>",1,1.0,1
43,2,0,X,0,X,Y,0,"(3) Orientation of objects

The left-to-right transformation on top of the puzzle involves a change in the orientation of the object. In the image, the alligator is shown in different orientations, such as standing on its head, lying on its back, and standing on its feet. This demonstrates that the transformation is based on the orientation of the object, rather than the number, color, or size of the object.

Step-by-step reasoning:

1. The image shows an alligator in different orientations.
2. The alligator is transformed from one orientation to another, such as standing on its head, lying on its back, or standing on its feet.
3. The transformation is based on the orientation of the object, not the number, color, or size of the object.

Therefore, the correct rule is (3) Orientation of objects.</s>","(1) Objects flip upside down

The transformation in the top of the puzzle involves the alligator flipping upside down. In the image, the alligator is shown in different orientations, such as standing on its head, lying on its back, and standing on its feet. This demonstrates that the transformation is based on the object flipping upside down, rather than the object flipping sideways or no change between pictures.

Step-by-step reasoning:

1. The image shows an alligator in different orientations.
2. The alligator is transformed from one orientation to another, such as standing on its head, lying on its back, or standing on its feet.
3. The transformation is based on the object flipping upside down.

Therefore, the correct rule is (1) Objects flip upside down.</s>","(C)

The left-to-right transformation on the bottom of the puzzle marked by (C) is the same as the left-to-right transformation on the top of the puzzle. Both transformations involve the alligator flipping upside down.

Step-by-step reasoning:

1. The image shows an alligator in different orientations.
2. The alligator is transformed from one orientation to another, such as standing on its head, lying on its back, or standing on its feet.
3. The transformation on the bottom marked by (C) involves the alligator flipping upside down, which is the same as the transformation on the top of the puzzle.

Therefore, the correct answer is (C).</s>",1,1.0,0
44,0,0,X,0,X,Y,0,"(2) Orientation of objects

The left-to-right transformation on top of the puzzle involves a change in the orientation of the object. In the image, the red coffee mug is transformed from an upright position to a sideways position. This change in orientation is a characteristic of the transformation rule (2) Orientation of objects.

Step-by-step reasoning:

1. The image shows a red coffee mug in an upright position.
2. The mug is transformed into a sideways position.
3. The transformation involves a change in the orientation of the object, which is the characteristic of rule (2) Orientation of objects.</s>","(1) Objects flip sideways

The transformation in the top of the puzzle involves the object flipping sideways. In the image, the red coffee mug is transformed from an upright position to a sideways position. This change in orientation is a characteristic of the transformation rule (1) Objects flip sideways.

Step-by-step reasoning:

1. The image shows a red coffee mug in an upright position.
2. The mug is transformed into a sideways position.
3. The transformation involves the object flipping sideways, which is the characteristic of rule (1) Objects flip sideways.</s>","(A)

The left-to-right transformation on the bottom of the puzzle marked by (A) is the same as the left-to-right transformation on the top of the puzzle. Both transformations involve the object flipping sideways.

Step-by-step reasoning:

1. The image shows a red coffee mug in an upright position.
2. The mug is transformed into a sideways position.
3. The transformation on the bottom marked by (A) involves the object flipping sideways, which is the same as the transformation on the top of the puzzle.</s>",1,0.0,0
44,1,0,X,0,X,Y,0,"(2) Color of objects

The left-to-right transformation on top of the puzzle involves a change in the color of the object. In the image, the red coffee mug is transformed into a white coffee mug. This change in color is a visual transformation that occurs from left to right.

Step-by-step reasoning:

1. The image features a red coffee mug on the left side.
2. The red coffee mug is transformed into a white coffee mug in the right side of the image.
3. The transformation involves a change in the color of the object, which is the red coffee mug.
4. The transformation does not involve any changes in size, orientation, or number of objects.

Therefore, the correct rule is (2) Color of objects.</s>","[Skipped mcq#2, incorrect previous response]","(D) None of the options apply

There is no left-to-right transformation on the bottom of the puzzle that is the same as the left-to-right transformation on the top of the puzzle. The transformations on the bottom involve changes in size, orientation, or number of objects, but not a change in color.

Step-by-step reasoning:

1. The image features a red coffee mug on the left side.
2. The red coffee mug is transformed into a white coffee mug in the right side of the image.
3. The transformation on the top involves a change in the color of the object, which is the red coffee mug.
4. The transformations on the bottom involve changes in size, orientation, or number of objects, but not a change in color.

Therefore, the correct answer is (D) None of the options apply.</s>",0,,0
44,2,0,X,0,X,Y,0,"(1) Orientation of objects

The left-to-right transformation on top of the puzzle involves a change in the orientation of the object. In the image, the red coffee mug is transformed into a red coffee cup, which is a different orientation of the same object. The transformation involves a change in the orientation of the object, which is consistent with rule (1) Orientation of objects.

Step-by-step reasoning:

1. The image shows a red coffee mug on the left side.
2. The red coffee mug is transformed into a red coffee cup, which is a different orientation of the same object.
3. The transformation involves a change in the orientation of the object, which is consistent with rule (1) Orientation of objects.</s>","(2) Objects flip upside down

The left-to-right transformation on top of the puzzle involves objects flipping upside down. In the image, the red coffee mug is transformed into a red coffee cup, which is an upside-down version of the same object. The transformation involves objects flipping upside down, which is consistent with rule (2) Objects flip upside down.

Step-by-step reasoning:

1. The image shows a red coffee mug on the left side.
2. The red coffee mug is transformed into a red coffee cup, which is an upside-down version of the same object.
3. The transformation involves objects flipping upside down, which is consistent with rule (2) Objects flip upside down.</s>","(A)

The left-to-right transformation on the bottom of the puzzle marked by (A) is the same as the left-to-right transformation on the top of the puzzle. In the image, the pig is transformed into a piggy bank, which is a different orientation of the same object. The transformation involves a change in the orientation of the object, which is consistent with the left-to-right transformation on the top of the puzzle.

Step-by-step reasoning:

1. The image shows a pig on the left side.
2. The pig is transformed into a piggy bank, which is a different orientation of the same object.
3. The transformation involves a change in the orientation of the object, which is consistent with the left-to-right transformation on the top of the puzzle.</s>",1,1.0,0
45,0,0,X,0,X,Y,0,"(2) Number of objects

The left-to-right transformation on top of the puzzle involves a change in the number of objects. In the left picture, there is one snowman, while in the right picture, there are two snowmen. This change in the number of objects is the only transformation that occurs in the top row of the puzzle.

Step-by-step reasoning:

1. In the left picture, there is one snowman.
2. In the right picture, there are two snowmen.
3. The transformation involves a change in the number of objects, which is the only transformation that occurs in the top row of the puzzle.</s>","[Skipped mcq#2, incorrect previous response]","(A)

The left-to-right transformation on the bottom of the puzzle that is the same as the left-to-right transformation on the top of the puzzle is the one marked by (A).

Step-by-step reasoning:

1. In the left picture, there is one snowman.
2. In the right picture, there are two snowmen.
3. The transformation on the bottom marked by (A) involves a change in the number of objects, which is the same as the transformation on the top of the puzzle.

Therefore, the correct answer is (A).</s>",0,,0
45,1,0,X,0,X,Y,0,"(1) Orientation of objects

The left-to-right transformation on top of the puzzle involves a change in the orientation of the object. In the image, the object is initially positioned horizontally, and it transforms into a vertical position as it moves to the right. This change in orientation is a characteristic of rule (1) Orientation of objects.

Step-by-step reasoning:

1. The object is initially horizontal in the left picture.
2. In the middle picture, the object is rotated 90 degrees clockwise, making it vertical.
3. In the right picture, the object is rotated 90 degrees counterclockwise, returning it to its original horizontal position.</s>","(2) Objects flip sideways

The left-to-right transformation on top of the puzzle involves a change in the orientation of the object. In the image, the object is initially positioned horizontally, and it transforms into a vertical position as it moves to the right. This change in orientation is a characteristic of rule (2) Objects flip sideways.

Step-by-step reasoning:

1. The object is initially horizontal in the left picture.
2. In the middle picture, the object is flipped sideways, making it vertical.
3. In the right picture, the object is flipped sideways again, returning it to its original horizontal position.</s>","(A)

The left-to-right transformation on the bottom of the puzzle is the same as the left-to-right transformation on the top of the puzzle. Both transformations involve a change in the orientation of the object.

Step-by-step reasoning:

1. The object is initially horizontal in the left picture (A).
2. In the middle picture, the object is rotated 90 degrees clockwise, making it vertical.
3. In the right picture, the object is rotated 90 degrees counterclockwise, returning it to its original horizontal position.

This transformation is the same as the transformation on the top of the puzzle, as both involve a change in orientation.</s>",1,0.0,1
45,2,0,X,0,X,Y,0,"(2) Number of objects

The left-to-right transformation on top of the puzzle involves a change in the number of objects. In the left picture, there is one snowman, while in the right picture, there are two snowmen. This change in the number of objects is the only transformation that can be observed in the top row of the puzzle.

Step-by-step reasoning:

1. In the left picture, there is one snowman.
2. In the right picture, there are two snowmen.
3. The transformation involves a change in the number of objects, which is the only transformation that can be observed in the top row of the puzzle.</s>","[Skipped mcq#2, incorrect previous response]","(A)

The left-to-right transformation on the bottom of the puzzle that is the same as the left-to-right transformation on the top of the puzzle is the one marked by (A).

Step-by-step reasoning:

1. In the left picture, there is one snowman.
2. In the right picture, there are two snowmen.
3. The transformation on the bottom marked by (A) involves a change in the number of objects, which is the same as the transformation on the top of the puzzle.
4. The other two transformations on the bottom (marked by (B) and (C)) do not involve a change in the number of objects.</s>",0,,0
46,0,0,X,0,X,Y,0,"(3) Orientation of objects

The left-to-right transformation on top of the puzzle involves a change in the orientation of the object. In the left picture, the object is facing upwards, while in the right picture, the object is facing downwards. This change in orientation is a characteristic of the transformation.

Step-by-step reasoning:

1. The object in the left picture is facing upwards.
2. The object in the right picture is facing downwards.
3. The transformation involves a change in the orientation of the object.

Therefore, the correct rule is (3) Orientation of objects.</s>","(1) Objects flip upside down

The left-to-right transformation on top of the puzzle involves objects flipping upside down. In the left picture, the object is facing upwards, while in the right picture, the object is facing downwards. This flipping action is a characteristic of the transformation.

Step-by-step reasoning:

1. The object in the left picture is facing upwards.
2. The object in the right picture is facing downwards.
3. The transformation involves objects flipping upside down.

Therefore, the correct rule is (1) Objects flip upside down.</s>","(A)

The left-to-right transformation on the bottom of the puzzle marked by (A) is the same as the left-to-right transformation on the top of the puzzle. Both transformations involve objects flipping upside down.

Step-by-step reasoning:

1. The object in the left picture is facing upwards.
2. The object in the right picture is facing downwards.
3. The transformation on the bottom marked by (A) involves objects flipping upside down.
4. The transformation on the top of the puzzle also involves objects flipping upside down.

Therefore, the correct letter is (A).</s>",1,1.0,0
46,1,0,X,0,X,Y,0,"(2) Orientation of objects

The left-to-right transformation on top of the puzzle involves a change in the orientation of the object. In the left picture, the object is facing upwards, while in the right picture, the object is facing downwards. This change in orientation is a characteristic of the transformation.

Step-by-step reasoning:

1. In the left picture, the object is facing upwards.
2. In the right picture, the object is facing downwards.
3. The transformation involves a change in the orientation of the object.
4. The transformation does not involve a change in the number, size, or color of the object.</s>","(2) Objects flip upside down

The transformation in the top of the puzzle involves objects flipping upside down. In the left picture, the object is facing upwards, while in the right picture, the object is facing downwards. This change in orientation is a characteristic of the transformation.

Step-by-step reasoning:

1. In the left picture, the object is facing upwards.
2. In the right picture, the object is facing downwards.
3. The transformation involves objects flipping upside down.
4. The transformation does not involve objects flipping sideways or no change between pictures.</s>","(B)

The left-to-right transformation on the bottom of the puzzle marked by (B) is the same as the left-to-right transformation on the top of the puzzle. Both transformations involve objects flipping upside down.

Step-by-step reasoning:

1. In the left picture, the object is facing upwards.
2. In the right picture, the object is facing downwards.
3. The transformation marked by (B) involves objects flipping upside down.
4. The other two transformations (marked by (A) and (C)) do not involve objects flipping upside down.</s>",1,1.0,1
46,2,0,X,0,X,Y,0,"(2) Orientation of objects

The left-to-right transformation on top of the puzzle involves a change in the orientation of the object. In the left picture, the object is facing upwards, while in the right picture, it is facing downwards. This change in orientation is a characteristic of the transformation.

Step-by-step reasoning:

1. The object in the left picture is facing upwards.
2. The object in the right picture is facing downwards.
3. The transformation involves a change in the orientation of the object.
4. The left-to-right transformation on top of the puzzle is the change in orientation of the object.</s>","(2) Objects flip upside down

The left-to-right transformation on top of the puzzle involves objects flipping upside down. In the left picture, the object is upside down, while in the right picture, it is right side up. This change in orientation is a characteristic of the transformation.

Step-by-step reasoning:

1. The object in the left picture is upside down.
2. The object in the right picture is right side up.
3. The transformation involves objects flipping upside down.
4. The left-to-right transformation on top of the puzzle is the flipping of objects upside down.</s>","(D) None of the options apply

There is no left-to-right transformation on the bottom of the puzzle that is the same as the left-to-right transformation on the top of the puzzle. Each of the three transformations on the bottom involves a different change in size, orientation, number, or color of the object, which is not the same as the flipping of objects upside down on the top.

Step-by-step reasoning:

1. The left-to-right transformation on the top involves objects flipping upside down.
2. The three left-to-right transformations on the bottom involve different changes in size, orientation, number, or color of the object.
3. None of the transformations on the bottom are the same as the transformation on the top.
4. The answer is (D) None of the options apply.</s>",1,1.0,0
47,0,0,X,0,X,Y,0,"(2) Number of objects

The left-to-right transformation on top of the puzzle involves a change in the number of objects. In the left picture, there is one object, while in the right picture, there are two objects. This change in the number of objects is the only transformation that occurs in the top row of the puzzle.

Step-by-step reasoning:

1. In the left picture, there is one object.
2. In the right picture, there are two objects.
3. The transformation involves a change in the number of objects, which is rule (2).

The other rules do not apply to this transformation, as there is no change in orientation, size, or color of the objects.</s>","[Skipped mcq#2, incorrect previous response]","(A)

The left-to-right transformation on the bottom of the puzzle that is the same as the left-to-right transformation on the top of the puzzle is the one marked by (A).

Step-by-step reasoning:

1. In the left picture, there is one object.
2. In the right picture, there are two objects.
3. The transformation on the bottom marked by (A) involves a change in the number of objects, which is the same as the transformation on the top.

The other two transformations on the bottom do not involve a change in the number of objects, so they do not match the transformation on the top.</s>",0,,1
47,1,0,X,0,X,Y,0,"(2) Color of objects

The left-to-right transformation on top of the puzzle involves a change in the color of the objects. In the left picture, the objects are brown, while in the right picture, the objects are white. This change in color indicates that the transformation is related to the color of the objects rather than their orientation, number, or size.

Step-by-step reasoning:

1. The left picture shows brown objects, while the right picture shows white objects.
2. The transformation involves a change in the color of the objects, which is related to rule (2) Color of objects.
3. The other rules (1) Orientation of objects, (3) Number of objects, and (4) No change between pictures do not apply to this particular transformation.</s>","[Skipped mcq#2, incorrect previous response]","(C)

The left-to-right transformation on the bottom of the puzzle marked by (C) is the same as the left-to-right transformation on the top of the puzzle. The transformation involves a change in the color of the objects, which is consistent with the transformation on the top of the puzzle.

Step-by-step reasoning:

1. The left picture on the bottom shows brown objects, while the right picture on the bottom shows white objects.
2. The transformation marked by (C) involves a change in the color of the objects, which is consistent with the transformation on the top of the puzzle.
3. The other transformations (A) and (B) do not involve a change in the color of the objects, so they do not match the transformation on the top of the puzzle.
4. If none of the options apply, the answer would be (D). However, in this case, there is a matching transformation, so the correct answer is (C).</s>",0,,0
47,2,0,X,0,X,Y,0,"(2) Number of objects

The left-to-right transformation on top of the puzzle involves a change in the number of objects. In the left picture, there is one object, while in the right picture, there are two objects. This change in the number of objects is the only transformation that occurs in the top row of the puzzle.

Step-by-step reasoning:

1. In the left picture, there is one object.
2. In the right picture, there are two objects.
3. The transformation involves a change in the number of objects, which is rule (2).

The other rules do not apply to this transformation, as there is no change in size, orientation, or color between the left and right pictures.</s>","[Skipped mcq#2, incorrect previous response]","(A)

The left-to-right transformation on the bottom of the puzzle marked by (A) is the same as the left-to-right transformation on the top of the puzzle. Both transformations involve a change in the number of objects.

Step-by-step reasoning:

1. In the left picture, there is one object.
2. In the right picture, there are two objects.
3. The transformation marked by (A) on the bottom also involves a change in the number of objects, which is the same as the transformation on the top.

The other two transformations (marked by (B) and (C)) do not involve a change in the number of objects, so they do not match the transformation on the top.</s>",0,,0
48,0,0,X,0,X,Y,0,"(1) Color of objects

The left-to-right transformation on top of the puzzle involves a change in the color of the objects. In the left picture, there is a blue object, while in the right picture, the object is purple. This change in color indicates that the transformation is based on the color of the objects.

Step-by-step reasoning:

1. The left picture features a blue object.
2. The right picture features a purple object.
3. The transformation involves a change in the color of the objects.
4. The left-to-right transformation on top of the puzzle is based on the color of the objects.

The other rules do not apply to this transformation, as there is no change in the number of objects, orientation, or size of the objects.</s>","[Skipped mcq#2, incorrect previous response]","(D) None of the options apply

There is no left-to-right transformation on the bottom of the puzzle that is the same as the left-to-right transformation on the top of the puzzle. The transformations on the bottom involve changes in the number, orientation, or size of the objects, but not a change in color.

Step-by-step reasoning:

1. The left-to-right transformation on top of the puzzle involves a change in the color of the objects.
2. The three left-to-right transformations on the bottom of the puzzle involve changes in the number, orientation, or size of the objects.
3. None of the transformations on the bottom are the same as the transformation on the top.
4. The correct answer is (D) None of the options apply.</s>",0,,0
48,1,0,X,0,X,Y,0,"(2) Orientation of objects

The left-to-right transformation on top of the puzzle involves a change in the orientation of the objects. In the left picture, the objects are oriented in one direction, while in the right picture, they are oriented in the opposite direction. This change in orientation is a characteristic of the transformation rule (2) Orientation of objects.

Step-by-step reasoning:

1. In the left picture, the objects are oriented in one direction.
2. In the right picture, the objects are oriented in the opposite direction.
3. This change in orientation is a characteristic of the transformation rule (2) Orientation of objects.

The transformation on the bottom of the puzzle involves a change in the number of objects, which is a characteristic of the transformation rule (1) Number of objects.</s>","(1) Objects flip upside down

The transformation in the top of the puzzle involves objects flipping upside down. In the left picture, the objects are oriented in one direction, while in the right picture, they are oriented upside down. This change in orientation is a characteristic of the transformation rule (1) Objects flip upside down.

Step-by-step reasoning:

1. In the left picture, the objects are oriented in one direction.
2. In the right picture, the objects are oriented upside down.
3. This change in orientation is a characteristic of the transformation rule (1) Objects flip upside down.</s>","(A)

The left-to-right transformation on the bottom of the puzzle marked by (A) is the same as the left-to-right transformation on the top of the puzzle. Both transformations involve objects flipping upside down.

Step-by-step reasoning:

1. In the left picture, the objects are oriented in one direction.
2. In the right picture, the objects are oriented upside down.
3. This change in orientation is a characteristic of the transformation rule (1) Objects flip upside down.
4. The transformation marked by (A) on the bottom of the puzzle also involves objects flipping upside down.
5. Therefore, the transformation marked by (A) on the bottom of the puzzle is the same as the left-to-right transformation on the top of the puzzle.</s>",1,1.0,0
48,2,0,X,0,X,Y,0,"(2) Orientation of objects

The left-to-right transformation on top of the puzzle involves a change in the orientation of the objects. In the left picture, the objects are oriented in one direction, while in the right picture, they are oriented in the opposite direction. This change in orientation is a characteristic of the transformation rule (2) Orientation of objects.

Step-by-step reasoning:

1. In the left picture, the objects are oriented in one direction.
2. In the right picture, the objects are oriented in the opposite direction.
3. This change in orientation is a characteristic of the transformation rule (2) Orientation of objects.

The transformations on the bottom of the puzzle involve changes in the size, orientation, number, or color of the objects. However, the left-to-right transformation on top of the puzzle specifically involves a change in the orientation of the objects.</s>","(1) Objects flip upside down

The transformation in the top of the puzzle involves objects flipping upside down. In the left picture, the objects are oriented in one direction, while in the right picture, they are oriented upside down. This change in orientation is a characteristic of the transformation rule (1) Objects flip upside down.

Step-by-step reasoning:

1. In the left picture, the objects are oriented in one direction.
2. In the right picture, the objects are oriented upside down.
3. This change in orientation is a characteristic of the transformation rule (1) Objects flip upside down.

The transformations on the bottom of the puzzle involve changes in the size, orientation, number, or color of the objects. However, the transformation in the top of the puzzle specifically involves objects flipping upside down.</s>","(D) None of the options apply

There is no left-to-right transformation on the bottom of the puzzle that is the same as the left-to-right transformation on the top of the puzzle. The transformations on the bottom of the puzzle involve changes in the size, orientation, number, or color of the objects, while the transformation on the top of the puzzle involves objects flipping upside down.

Step-by-step reasoning:

1. The left-to-right transformation on the top of the puzzle involves objects flipping upside down.
2. The transformations on the bottom of the puzzle involve changes in the size, orientation, number, or color of the objects.
3. None of the three left-to-right object transformations (marked by either (A), (B) or (C)) on the bottom of the puzzle is the same as the left-to-right transformation on the top of the puzzle.
4. Therefore, the correct answer is (D) None of the options apply.</s>",1,1.0,0
49,0,0,X,0,X,Y,0,"(1) Orientation of objects

The left-to-right transformation on top of the puzzle involves a change in the orientation of the object. In the image, the object is initially upside down, and it is flipped over to the right side. This change in orientation is a characteristic of rule (1) Orientation of objects.

Step-by-step reasoning:

1. The object is initially upside down.
2. The object is flipped over to the right side.
3. The object is now in its correct orientation.</s>","(1) Objects flip upside down

The transformation in the top of the puzzle involves the object flipping upside down. This change in orientation is a characteristic of rule (1) Objects flip upside down.

Step-by-step reasoning:

1. The object is initially upside down.
2. The object is flipped over to the right side.
3. The object is now in its correct orientation.</s>","(A)

The left-to-right transformation on the bottom of the puzzle marked by (A) is the same as the left-to-right transformation on the top of the puzzle. Both transformations involve the object flipping upside down.

Step-by-step reasoning:

1. The object is initially upside down.
2. The object is flipped over to the right side.
3. The object is now in its correct orientation.</s>",1,1.0,0
49,1,0,X,0,X,Y,0,"(3) Orientation of objects

Step-by-step reasoning:

1. The left-to-right transformation on top involves a change in the orientation of the object. In the left picture, the object is upside down, while in the right picture, it is right side up. This change in orientation is a transformation of the object's orientation.

2. The transformations on the bottom involve changes in the size, orientation, and number of objects. However, the left-to-right transformation on top is focused on the orientation of the object, which aligns with rule (3).</s>","(1) Objects flip upside down

Step-by-step reasoning:

1. The left-to-right transformation on top involves a change in the orientation of the object. In the left picture, the object is upside down, while in the right picture, it is right side up. This change in orientation is a transformation of the object's orientation.

2. The transformations on the bottom involve changes in the size, orientation, and number of objects. However, the left-to-right transformation on top is focused on the orientation of the object, which aligns with rule (1).</s>","(C)

Step-by-step reasoning:

1. The left-to-right transformation on top involves a change in the orientation of the object. In the left picture, the object is upside down, while in the right picture, it is right side up. This change in orientation is a transformation of the object's orientation.

2. The three left-to-right transformations on the bottom involve changes in the size, orientation, and number of objects. However, the transformation marked by (C) also involves a change in the orientation of the object, which aligns with the transformation on top.</s>",1,1.0,0
49,2,0,X,0,X,Y,0,"(1) Orientation of objects

The left-to-right transformation on top of the puzzle involves a change in the orientation of the object. In the left picture, the object is facing upwards, while in the right picture, it is facing downwards. This change in orientation is a characteristic of rule (1) Orientation of objects.

Step-by-step reasoning:

1. The left picture shows an object facing upwards.
2. The right picture shows the same object facing downwards.
3. The transformation involves a change in the orientation of the object, which is characteristic of rule (1) Orientation of objects.</s>","(1) Objects flip upside down

The left-to-right transformation on top of the puzzle involves objects flipping upside down. In the left picture, the object is facing upwards, while in the right picture, it is facing downwards. This change in orientation is a characteristic of rule (1) Objects flip upside down.

Step-by-step reasoning:

1. The left picture shows an object facing upwards.
2. The right picture shows the same object facing downwards.
3. The transformation involves objects flipping upside down, which is characteristic of rule (1) Objects flip upside down.</s>","(A)

The left-to-right transformation on the bottom of the puzzle marked by (A) is the same as the left-to-right transformation on the top of the puzzle. Both transformations involve objects flipping upside down.

Step-by-step reasoning:

1. The left picture of the bottom transformation shows an object facing upwards.
2. The right picture of the bottom transformation shows the same object facing downwards.
3. The transformation on the bottom is the same as the transformation on the top, as both involve objects flipping upside down.</s>",1,1,0
